SNP	AFR	EUR	SAS	AMR
chr10_109037220_T_TA	0.1	0.01	0.1	0.1
chr10_119205438_GTT_G	0.1	0.01	0.1	0.1
chr10_124470681_C_CAATAATAAT	0.01	0.1	0.1	0.1
rs56180516	0.01	0.1	0.1	0.1
chr10_39023123_C_CA	0.01	0.1	0.1	0.1
rs10793628	0.1	0.01	0.1	0.1
chr10_43626084_C_CAA	0.01	0.1	0.1	0.1
rs118119694	0	0	0.1	0.1
rs141261057	0	0	0.1	0.1
rs1246783065	0	0	0.1	0.1
rs60109489	0.1	0.01	0.1	0.1
rs112207424	0.1	0.01	0.1	0.1
rs113222797	0.01	0.1	0.1	0.01
chr11_71685996_A_ATT	0.1	0	0.1	0.01
rs2618062	0.01	0.1	0.1	0.1
chr11_77435657_CT_C	0.1	0.01	0.1	0.1
chr11_93299395_ATGTGTG_A	0.1	0	0.1	0.1
rs12426382	0.01	0.1	0.1	0.1
rs74473469	0	0	0.01	0
chr12_109869331_A_AAGAAAGAAAG	0	0	0	0
chr12_111991524_G_GA	0.1	0.01	0.1	0.1
rs12580333	0.1	0	0.1	0.1
rs11065193	0.01	0.01	0.1	0.01
chr12_12356013_CTTTT_C	0.1	0.01	0.1	0.1
chr12_13174357_T_TACACACACACACACACACAC	0	0.1	0.1	0.01
rs78599326	0.1	0.1	0.1	0
rs144318852	0	0.1	0.1	0.01
rs11172702	0.01	0.1	0.1	0.1
rs10459289	0.1	0.01	0.1	0.01
rs117526287	0	0	0.01	0.01
chr12_53241222_T_TTTTG	0.01	0.1	0.1	0.01
chr12_54046536_A_AATAT	0.01	0.1	0.01	0.01
chr12_84993546_A_AGTTAT	0.1	0.01	0.1	0
chr12_8946399_G_GAAC	0.01	0.1	0.1	0.1
rs113438543	0.01	0.1	0.1	0.1
chr13_26467866_C_CAAA	0.1	0.01	0.1	0.1
rs113271351	0.01	0.01	0.1	0.1
chr14_55445114_CT_C	0.1	0.01	0.01	0.1
chr14_64241145_CAAA_C	0.1	0.01	0.01	0.1
rs117695041	0.01	0.01	0.01	0.1
chr14_92095099_TA_T	0	0.1	0.1	0.1
chr14_95622273_T_TA	0.1	0	0.01	0.1
rs12594098	0.01	0	0.01	0.1
rs188040748	0.1	0	0	0
chr15_62658185_C_CAAA	0.01	0.01	0.1	0
rs139109949	0.01	0.1	0.1	0.1
chr15_79872103_CAA_C	0.01	0.1	0.1	0.1
rs1231704010	0	0.1	0.1	0.1
rs116907757	0	0.1	0.1	0.1
rs653287	0.01	0.01	0.1	0.1
chr16_21554276_A_ATTC	0.01	0.01	0.1	0.1
rs168942	0.01	0.01	0.1	0.1
rs662475	0.01	0.01	0.1	0.1
rs194569	0.01	0.01	0.1	0.1
rs80177724	0	0.1	0.1	0.1
rs117115694	0	0.1	0.01	0.1
rs200985007	0	0.1	0.01	0.1
rs111773512	0.1	0.01	0.1	0.1
chr16_5023406_C_CAA	0.1	0.1	0.01	0.1
rs114163005	0.1	0.01	0.1	0.1
chr16_68367007_CA_C	0.1	0.01	0.1	0.01
rs75085468	0	0.1	0.1	0.1
rs117942560	0	0	0.01	0.01
rs16960093	0	0	0.01	0.01
chr17_19303784_C_CAT	0	0	0.01	0.01
chr17_28009370_C_CTGTGTG	0.01	0.1	0.1	0.01
rs117054478	0.01	0	0.1	0
chr17_39080278_T_TA	0.01	0	0.1	0.01
rs16970604	0.01	0.1	0.1	0.1
chr17_47336292_ATTT_A	0.01	0.1	0.1	0.1
rs112383776	0.1	0.1	0.1	0.01
chr17_78737874_TACACACAC_T	0.01	0.01	0.01	0.01
rs12948591	0.01	0.01	0.1	0.01
rs28547985	0.1	0.01	0.01	0.1
chr18_69850899_G_A	0	0.01	0.1	0.01
rs117006755	0.01	0	0.1	0.1
chr19_37065244_G_C	0.01	0	0.1	0.1
rs139160737	0.1	0.01	0.1	0.01
chr19_39118884_C_CT	0.1	0.01	0.01	0.1
rs74805553	0	0.01	0.01	0
chr19_43619647_A_AG	0.01	0	0.1	0.1
chr1_111615829_CAA_C	0.1	0.1	0.01	0.1
chr1_113897142_C_CAA	0.01	0.1	0.1	0.1
rs74774937	0.1	0.01	0.1	0.1
rs1256331203	0.1	0.1	0.1	0.01
rs1363645563	0.01	0.1	0.1	0.1
chr1_1498968_CT_C	0.1	0.01	0.1	0.1
chr1_203332728_G_GGAAAA	0.01	0.1	0.1	0.1
chr1_212243892_C_CT	0.01	0.1	0.1	0.1
rs60486119	0.01	0.1	0.1	0.1
chr1_220766860_CAAAA_C	0.1	0.01	0.1	0.01
chr1_220770106_C_CA	0.1	0.1	0.1	0.01
rs12133951	0.01	0.1	0.1	0.1
chr1_31361786_ATTATTTAT_A	0.1	0.01	0.1	0.1
chr1_35155590_CTT_C	0.1	0.01	0.01	0.1
rs77178796	0.1	0.01	0.1	0.1
rs12079402	0.1	0.1	0.01	0.1
rs12403356	0	0	0.01	0.1
chr1_74769976_G_GT	0.01	0.1	0.1	0.01
rs111348701	0.01	0.1	0.1	0.1
rs1012070	0.1	0.01	0.1	0.1
rs73613340	0.01	0.01	0.1	0.1
chr21_25599629_AATAG_A	0.1	0.01	0.1	0.1
chr21_38193798_CTT_C	0.1	0.1	0.01	0.1
chr22_19717924_G_GCGCACGCA	0.1	0	0.1	0.1
chr22_21603529_TAAAA_T	0.01	0.01	0.1	0.01
rs11090729	0.1	0	0.1	0.1
rs60541465	0.1	0	0.1	0.1
chr2_102733744_A_AT	0	0	0.01	0
rs117593402	0.01	0	0.1	0.1
rs72627493	0.01	0.1	0.1	0.1
rs76105048	0.1	0	0.1	0
chr2_21166472_A_AT	0.01	0.1	0.1	0.1
chr2_236518805_C_CT	0.01	0.1	0.1	0.1
chr2_237712643_ATG_A	0	0	0.1	0
rs145732981	0.1	0.01	0.1	0.1
chr2_69818118_A_AAACAAC	0.1	0	0	0.1
chr3_108563930_G_GT	0.01	0.1	0.1	0.1
chr3_129191045_A_AAT	0.1	0.01	0.1	0.1
chr3_144658628_TA_T	0.1	0.01	0.01	0.1
rs62286780	0	0.1	0.1	0.1
rs78416935	0.01	0.1	0.1	0.1
rs7619087	0.01	0.1	0.1	0.1
chr3_32998512_CA_C	0.01	0.01	0.1	0.01
rs4679067	0.1	0	0.1	0.1
chr3_49693347_CTT_C	0.01	0.01	0.01	0.1
chr3_50701127_G_GTT	0.1	0.01	0.1	0.1
rs57267413	0.01	0	0.1	0.1
chr4_11424860_C_CAA	0.1	0.01	0.1	0.1
rs111685978	0.01	0.1	0.1	0.1
rs145813106	0.01	0.1	0.1	0.1
rs147658074	0	0.1	0.1	0.1
chr4_168317057_CA_C	0.01	0.1	0.1	0.1
rs114247861	0.01	0.1	0.1	0.1
chr4_22362792_CAA_C	0.01	0	0.1	0.1
chr4_25207375_T_TAA	0.01	0.01	0.1	0.1
chr4_25413930_CGT_C	0.1	0.01	0.01	0.1
rs189177085	0	0.1	0.1	0.1
chr5_111190197_TTCTATCTATCTA_T	0.01	0.01	0.1	0.01
rs33935150	0.1	0.1	0.01	0.1
rs17212373	0.01	0.1	0.1	0.1
chr5_146125002_T_TACACAC	0.01	0.1	0.1	0.1
chr5_146176448_CAA_C	0.01	0.1	0.1	0.1
chr5_146108259_A_AAAAC	0.01	0.1	0.1	0.1
chr5_147510735_T_TCA	0.1	0.01	0.1	0.01
chr5_149333909_A_ATG	0.01	0.1	0.1	0.1
chr5_149579573_GTTATTA_G	0.01	0.01	0.1	0
rs2548719	0.1	0.01	0.1	0.1
rs116884586	0.01	0	0.1	0.1
rs35171369	0.01	0.1	0.1	0.1
chr5_56825967_CT_C	0.01	0.1	0.1	0.1
rs201692260	0	0.01	0.1	0.1
rs1294160306	0.1	0.01	0.01	0.01
rs9386765	0.01	0.1	0.1	0.1
rs141427142	0.01	0.1	0.1	0.1
chr6_130728750_C_CAAAAAAAAAA	0.1	0.01	0.01	0.1
rs145310212	0.01	0.1	0.1	0.1
chr6_26101691_T_TAC	0.1	0.1	0.01	0.1
chr6_26481731_C_CTTT	0.1	0.01	0.1	0.1
rs78309502	0	0	0	0
chr6_2996829_CCCTT_C	0.01	0.1	0.1	0.1
rs80308263	0.01	0.1	0.1	0.1
rs370426041	0.01	0.1	0.1	0.1
rs114665274	0.1	0	0.1	0.01
chr6_35261596_T_TA	0	0	0.01	0
chr6_36986143_AG_A	0.01	0.1	0.1	0.1
rs200658300	0.1	0	0.1	0.01
rs819497	0.1	0.01	0.1	0.1
rs118056549	0	0.1	0.1	0.1
rs10943440	0.01	0.1	0.1	0.1
rs11751407	0.01	0.1	0.1	0.1
rs201824375	0.1	0.01	0.1	0.1
chr6_95995191_C_CTA	0.1	0.01	0.1	0.1
rs57633514	0.1	0.1	0.01	0.1
rs74488520	0.01	0.1	0.1	0.1
rs560049125	0.1	0.01	0.01	0.01
rs75244229	0.1	0.01	0.01	0.1
rs78374278	0	0	0.1	0
rs10951790	0.01	0.1	0.1	0.1
chr7_64989176_T_TAC	0.01	0.1	0.1	0.1
chr7_66944103_CTT_C	0.01	0.1	0.1	0.1
rs139801146	0.01	0.1	0.1	0.1
chr7_66488210_C_CTCAA	0.01	0.1	0.1	0.1
chr7_66745768_C_CAAA	0.01	0.1	0.1	0.1
rs12534109	0.01	0.1	0.1	0.1
chr7_67348213_G_A	0.01	0.1	0.1	0.1
rs141304460	0.01	0.1	0.1	0.1
chr7_77007663_C_CA	0.01	0.1	0.1	0.1
rs10499865	0.01	0	0.1	0
chr7_97123788_CT_C	0.1	0.01	0.1	0.1
chr7_97142890_CTTTTTTT_C	0	0	0.01	0
chr8_101152480_ATGTG_A	0.1	0.01	0.1	0.1
chr8_102810746_T_TGGGAGGGCGCGGGGAGGGCG	0.1	0.01	0.1	0.1
rs117117430	0.1	0.1	0.1	0.01
rs78188599	0.01	0.1	0.1	0.01
rs12546567	0.01	0.1	0.1	0.1
rs12683094	0	0.01	0.1	0.1
rs2274601	0.1	0.01	0.1	0.1
rs116981698	0	0.01	0.1	0.01
rs116874449	0	0.01	0.1	0.01
rs16918674	0	0.1	0.1	0.01
rs73498381	0.1	0.01	0.1	0.1
chrX_102633609_G_A	0	0.01	0.1	0.01
chrX_109054549_C_CGGGGGG	0.01	0.1	0.01	0.1
chrX_120068165_G_C	0.1	0.01	0.1	0.1
chrX_15284267_A_AG	0.1	0.01	0.1	0.1
chrX_154395480_A_G	0.01	0	0.01	0
chrX_154522444_C_CAAA	0	0.01	0.01	0
chrX_155257743_CT_C	0.01	0	0	0
chrX_16777491_C_CTT	0.01	0.1	0.1	0.1
chrX_39775673_T_TC	0.1	0.1	0.01	0.1
chrX_43808697_T_C	0.01	0	0.01	0
chrX_48464286_C_T	0	0	0.1	0.1
chrX_57216532_A_ATATATATACGTATATG	0.1	0.01	0	0.01
chrX_75094019_C_CATATATAT	0.1	0.01	0.1	0.1
chrX_76149062_G_C	0.01	0	0.01	0.01
rs10029748	0.1	0.01	0.1	0.1
rs10079919	0	0.1	0.1	0.1
rs10135514	0.1	0	0.1	0.01
rs10146446	0.1	0	0.1	0.01
rs117795837	0.1	0.01	0.1	0.1
rs10193	0.1	0.01	0.01	0.1
rs4658343	0.1	0.01	0.1	0.1
rs75400539	0.1	0.01	0.1	0.01
rs10411704	0.01	0.1	0.1	0.1
rs1042217	0	0.01	0	0
rs607578	0	0	0	0
rs5751210	0.01	0.1	0.1	0.1
rs3214714	0	0	0.1	0.1
rs1467294	0	0.01	0.1	0.01
rs117808459	0.01	0.1	0.1	0.1
rs10509556	0	0.01	0.1	0.01
rs10511567	0.01	0.1	0.1	0.1
rs10588696	0.01	0.01	0.1	0.01
rs10804781	0.01	0.1	0.1	0.1
rs10128502	0.1	0	0.01	0.01
rs10775127	0.1	0.01	0.1	0.1
rs1078081	0.01	0.1	0.1	0.1
rs10800695	0.1	0.01	0.1	0.1
rs10817477	0.01	0.1	0.1	0.1
rs10849448	0.01	0.1	0.1	0.1
rs140976323	0.1	0	0	0.01
rs78740088	0	0.01	0.01	0.1
rs10917114	0.01	0.1	0.1	0.1
rs10943928	0.01	0.1	0.1	0.1
rs11760083	0.01	0.1	0.1	0.1
rs1338759996	0.01	0	0	0
rs10980960	0	0.1	0.1	0.01
rs10980984	0.01	0.1	0.1	0.1
rs10982012	0.1	0.01	0.1	0.1
chr9_125791364_C_CATCT	0.01	0.01	0.1	0.1
rs10991892	0.01	0.1	0.1	0.1
rs12218550	0.01	0.01	0.1	0.1
rs11005328	0.1	0.01	0.1	0.1
rs11015756	0.01	0.1	0.1	0.1
rs11053627	0.01	0.1	0.1	0.1
rs11060752	0	0.01	0.01	0
rs110610	0.01	0.1	0.1	0.1
rs11061983	0.01	0	0.01	0
rs11066001	0	0	0	0.01
rs11085802	0	0	0	0
rs1110708	0	0.01	0.01	0.01
rs11111152	0	0.01	0.01	0
rs11111864	0.01	0.1	0.1	0.1
rs111245509	0.1	0.01	0.1	0.01
rs111275259	0.01	0.1	0.1	0.1
rs779932039	0.01	0.1	0.1	0.1
rs111359892	0.1	0.01	0.1	0.1
rs80009341	0.01	0.01	0.01	0
rs11144986	0.1	0.01	0.1	0.1
rs11145860	0	0.01	0.01	0.01
rs11147064	0.01	0.1	0.1	0.1
rs111492479	0.1	0.01	0.1	0.01
rs116960679	0.1	0.1	0.1	0.01
rs11169935	0.1	0.01	0.1	0.01
rs111732179	0.1	0.01	0.1	0.1
rs11181667	0.01	0.01	0.01	0.1
rs111825915	0.01	0	0.1	0.01
rs529781493	0.01	0	0.01	0
rs57050245	0.1	0	0.01	0.1
rs111989085	0.01	0.1	0.1	0.1
rs112087530	0.01	0.1	0.1	0.1
rs57529449	0.1	0.01	0.1	0.01
rs11227746	0.1	0.1	0.01	0.1
rs79742448	0	0	0.1	0.01
rs11230802	0	0	0.01	0
rs11231221	0.01	0.1	0.1	0.1
rs112388693	0.01	0.1	0.1	0.1
rs112439380	0.1	0	0.1	0.01
rs11247225	0.1	0.01	0.1	0.1
rs60626519	0.01	0.01	0.1	0.01
rs11252762	0.01	0.1	0.1	0.1
chr16_89678468_CT_C	0.01	0.01	0.1	0.01
rs12343219	0.1	0.01	0.01	0.1
rs17153376	0.01	0.01	0.01	0.1
rs111854169	0.1	0.1	0	0.1
rs113079950	0.1	0	0.1	0.1
rs200188737	0.01	0.01	0.1	0.1
rs150062276	0	0.01	0.01	0
rs113166284	0.1	0.01	0.1	0.1
rs113210934	0.1	0	0.01	0.01
rs3771333	0.1	0	0.01	0.01
rs113395545	0.1	0.1	0.1	0.01
rs139503295	0.01	0.1	0.1	0.1
rs113701516	0.1	0.01	0.1	0.1
rs113707068	0.1	0.01	0.01	0.1
rs113761322	0.1	0.1	0.1	0.01
rs112452416	0.01	0.1	0.1	0.1
rs113948144	0.1	0.01	0.1	0.1
rs113965805	0.01	0.1	0.1	0.1
rs114103440	0.01	0.1	0.1	0.1
rs114226482	0.1	0.01	0.1	0.1
rs117563092	0	0	0	0.1
rs114285999	0.1	0.01	0.1	0.01
rs114415197	0.01	0.1	0.1	0.1
rs114621470	0.01	0.1	0.1	0.1
rs10854831	0.1	0	0.1	0.1
rs139987414	0.01	0.01	0.1	0.01
rs115332491	0.1	0	0.01	0.01
rs1153961	0.1	0.01	0.1	0.1
rs11541468	0.01	0	0.1	0.01
rs115505823	0.01	0.1	0.1	0.1
rs1157003108	0.01	0.01	0.01	0.1
rs59445001	0.1	0	0.1	0.1
rs11594445	0.01	0.1	0.1	0.1
rs11600640	0.01	0.1	0.1	0.1
rs11614179	0	0.1	0.1	0.1
rs117831490	0.01	0.1	0.1	0.1
rs11666696	0.01	0.1	0.1	0.1
rs116797665	0.1	0	0.01	0.01
rs116852693	0	0	0.01	0.1
rs116863585	0	0	0.01	0.01
rs116875840	0.01	0.01	0.1	0.01
rs116891133	0	0	0.01	0.1
rs116913064	0.01	0.1	0.1	0.1
rs116914820	0	0.01	0	0
rs11692546	0.01	0.1	0.1	0.1
rs116950638	0	0	0	0
rs11695436	0.01	0.1	0.1	0.1
rs116956625	0.01	0.01	0.1	0
rs116958511	0.01	0.01	0.01	0.01
rs116962544	0.01	0	0.01	0
rs11698056	0.01	0.1	0.1	0.1
rs117099911	0.01	0	0.1	0.1
rs117117380	0.01	0.01	0.1	0.1
rs117667693	0.01	0	0.1	0.01
rs117122829	0	0	0.01	0
rs117137535	0.01	0.1	0.1	0.1
rs117252809	0	0.1	0.01	0.01
chr6_145739057_G_A	0.01	0	0.01	0
rs117270965	0	0	0.1	0
rs117284054	0	0	0.01	0
rs150183607	0	0	0.01	0.01
rs117299761	0	0.01	0.01	0
rs117343402	0	0.01	0.01	0.01
rs117369084	0.1	0.01	0.1	0.1
rs117377786	0.01	0.1	0.1	0.1
rs117389339	0.01	0.01	0.1	0.01
rs117425468	0	0	0.01	0
rs186854844	0.1	0	0.01	0
rs117435260	0.01	0.1	0.01	0.1
rs117691203	0.1	0.01	0.1	0.01
rs144673529	0.1	0.01	0.1	0.1
rs117519144	0	0.01	0	0.1
rs117532647	0	0	0.01	0
rs117535962	0	0	0.1	0.01
rs117555165	0	0	0.01	0.01
rs11756187	0.01	0.1	0.1	0.1
rs117569577	0.1	0.01	0.1	0.01
rs117576343	0.01	0	0.01	0.01
rs76441487	0.1	0	0.1	0.1
rs117611334	0	0	0.01	0
rs117645554	0.01	0.01	0.1	0.01
rs117698659	0	0.01	0.1	0
rs117708536	0.01	0.01	0.1	0
rs117730371	0.01	0.1	0.1	0.1
rs72628314	0.01	0.1	0.1	0.1
rs117750401	0	0	0.01	0
rs117759393	0	0	0.01	0
rs117777912	0	0	0.01	0
rs117815191	0	0	0.1	0
rs117838909	0.01	0.1	0.1	0.1
rs117839487	0.01	0	0.01	0
rs117845572	0.1	0	0.01	0.01
rs117848194	0.01	0.01	0.01	0
rs117884751	0	0	0.1	0.1
rs117898458	0.01	0	0.1	0.1
rs117905786	0	0	0.01	0
rs117944460	0	0	0.01	0
rs117947923	0.01	0	0.01	0.1
rs117961608	0	0	0	0
chr12_104920942_A_AAAT	0	0.01	0.1	0.1
rs117968708	0	0.01	0.01	0
rs117989230	0.01	0.1	0.1	0.1
rs118025410	0.01	0.1	0.1	0.1
rs118026982	0	0	0.01	0
rs118044421	0.1	0.01	0.1	0.1
rs118062797	0.01	0	0	0.01
rs118095633	0	0	0.01	0.01
rs118172636	0	0.01	0.01	0.01
rs118188329	0	0.01	0.01	0.01
rs118189608	0.01	0.1	0.1	0.1
rs11860946	0.1	0.01	0.01	0.1
rs11914230	0.1	0.01	0.1	0.1
rs11923483	0.1	0.01	0.1	0.1
rs111324930	0.1	0.01	0.01	0.01
rs1195328583	0.1	0	0.01	0
rs11992442	0.1	0.01	0.1	0.1
rs12028839	0.1	0.1	0.01	0.1
rs12040511	0	0.01	0.01	0.1
rs12050645	0.1	0.01	0.1	0.01
rs12114491	0.1	0.01	0.1	0.1
rs12137014	0.01	0.1	0.1	0.1
rs12140136	0.01	0.1	0.1	0.1
rs12154302	0.01	0.1	0.1	0.1
rs1216396521	0.01	0.1	0.1	0.1
rs12168831	0.01	0.1	0.1	0.1
rs549529678	0.01	0	0.01	0
rs12217254	0	0	0.01	0
rs12219258	0	0.1	0.1	0.1
rs2856280	0.1	0.01	0.1	0.1
rs12225655	0.01	0	0.01	0.01
rs12236323	0.01	0.1	0.1	0.1
rs76476831	0.1	0.01	0.1	0.01
rs12254557	0.1	0.01	0.01	0.1
rs12259079	0.1	0.01	0.01	0.1
rs1395342	0.01	0.1	0.1	0.1
rs2644906	0.01	0	0	0
rs12402200	0.01	0.01	0.1	0.1
rs61047840	0.1	0.01	0.1	0.1
rs12407178	0.01	0.1	0.1	0.1
rs117343611	0	0	0.01	0.01
rs1108733	0.01	0.1	0.1	0.1
rs1242203494	0	0.01	0	0.01
rs12429480	0.01	0.1	0.1	0.1
rs12446535	0.01	0.01	0.01	0.1
rs12450425	0.01	0	0.1	0.1
rs12462748	0.1	0.01	0.1	0.1
rs12463064	0.01	0.1	0.1	0.1
rs111767786	0.1	0.01	0.1	0.1
rs11124434	0.01	0.1	0.1	0.1
rs12481346	0	0.01	0.01	0.1
rs74440259	0.01	0.1	0.1	0.1
rs114416759	0.1	0	0	0
rs12493127	0.01	0.1	0.1	0.1
rs12488710	0.01	0.1	0.1	0.1
rs369438887	0	0.01	0.01	0
rs11170790	0.01	0.1	0.01	0
rs117301595	0.01	0.1	0.1	0.1
rs76518804	0	0.01	0.01	0.01
rs12588578	0	0	0.01	0.01
rs12595306	0.01	0.1	0.1	0.1
rs12599473	0.01	0.1	0.1	0.1
rs1260137119	0.01	0.1	0.1	0.1
rs12604013	0	0	0.1	0.01
rs12613377	0	0	0.1	0
rs12630396	0.01	0.1	0.1	0.1
rs12642177	0.01	0.1	0.1	0.1
rs12662156	0.01	0.1	0.1	0.1
rs12666194	0.01	0.1	0.1	0.1
rs1266744448	0.01	0.1	0.01	0.1
rs12676521	0.01	0	0.1	0.1
chr9_34177679_CATTTT_C	0.1	0.01	0.1	0.1
rs12683617	0.01	0.1	0.1	0.1
rs112054909	0.1	0.01	0.1	0.1
rs12804963	0.01	0.1	0.1	0.1
rs201807515	0	0.1	0.1	0.1
rs12815547	0.01	0.1	0.1	0.1
rs75709414	0.01	0.1	0.1	0.1
rs1416557378	0	0	0.01	0
rs200768576	0.1	0	0.01	0
rs12942201	0.01	0.01	0.1	0.1
rs116908438	0	0.01	0.1	0.01
rs2071266	0.01	0.01	0.1	0.01
rs181048708	0.01	0.01	0.1	0.01
rs116905543	0	0.01	0.01	0.01
rs1297142209	0.01	0	0.01	0.01
rs1318330105	0	0	0.01	0.01
rs13235831	0.01	0.1	0.1	0.1
rs13288531	0.01	0.1	0.1	0.1
rs1335358561	0.01	0	0	0
chr1_224899554_G_A	0.1	0	0.1	0.1
rs1167062189	0.01	0.01	0.01	0.01
rs1337876	0.1	0.1	0.01	0.1
rs1341781063	0	0	0.01	0
rs13447261	0.1	0	0.01	0.1
rs1344846373	0	0	0.01	0.1
rs200502701	0	0.01	0.01	0.1
rs1353817472	0	0	0	0
rs1295325552	0.01	0.1	0.1	0.1
rs78252522	0.01	0.1	0.1	0.1
rs135852	0.01	0.1	0.1	0.1
rs1360951059	0.01	0.1	0.01	0.1
rs1364686	0.01	0.1	0.1	0.1
rs12351378	0.01	0.01	0.01	0.01
rs11648689	0.01	0.1	0.1	0.1
rs11064423	0.01	0.1	0.1	0.1
rs1376955667	0.1	0.01	0.1	0.1
rs1377516501	0.01	0.01	0.01	0.01
rs75295048	0.1	0.01	0.1	0.1
rs1380342908	0.1	0	0.01	0.1
rs138188711	0.01	0.01	0.1	0.01
rs138222484	0.01	0.01	0.1	0.1
rs138285715	0.1	0.01	0.1	0.01
rs138317120	0.01	0.1	0.1	0.1
rs138563211	0.01	0.01	0.1	0.01
rs138667701	0.01	0.01	0	0.1
rs138701007	0	0	0.1	0
rs138720804	0	0.1	0.1	0.1
rs138768670	0.1	0.01	0.1	0.1
rs118118234	0.1	0.01	0.01	0.01
rs1394519651	0.1	0.01	0.1	0.1
rs3837701	0.01	0.1	0.1	0.1
chr2_85977256_A_T	0	0.01	0.1	0
rs114081387	0.1	0.01	0.01	0.1
rs139586716	0.1	0.01	0.1	0.1
rs139700591	0	0	0.01	0
chr1_51134521_CA_C	0.1	0.01	0.1	0.1
rs117658270	0	0	0.1	0.1
rs139934064	0.01	0.1	0.1	0.1
rs139971454	0.01	0	0.01	0
rs140166953	0	0	0.01	0
rs1401946539	0.01	0.1	0.1	0.1
rs2290828	0	0.1	0.01	0.1
rs140478583	0.01	0.1	0.1	0.1
rs140635326	0	0	0.01	0
rs117734634	0	0.01	0.01	0.01
rs141146197	0.01	0.1	0.1	0.1
rs141208386	0.01	0.1	0.1	0.1
rs141271408	0	0	0.01	0.01
rs141490011	0.1	0.1	0.1	0.01
rs796140395	0.01	0	0.01	0.01
rs112104845	0.01	0.1	0.1	0.1
rs141664974	0.1	0.1	0.1	0.01
rs141701554	0	0.1	0.1	0.1
rs141802297	0.01	0	0.01	0
rs1418268	0.01	0.1	0.1	0.1
rs141965393	0.01	0.1	0.1	0.1
rs1422393457	0	0.01	0.1	0.01
rs142388035	0.1	0	0.1	0.1
rs142395395	0	0	0.01	0.01
rs142603829	0	0	0.01	0
rs1426116418	0.01	0	0	0.01
rs142891314	0.01	0	0.1	0.1
rs142933570	0	0	0	0
rs143009192	0.01	0.1	0.1	0.1
rs143018390	0.01	0.1	0.1	0.1
rs10440821	0.1	0.01	0.1	0.1
rs143299074	0	0	0.01	0
rs143579658	0	0.01	0.1	0.01
rs148782107	0	0.1	0.1	0.1
rs111219116	0.1	0.01	0.1	0.1
chr10_46819177_C_CT	0.1	0.1	0.01	0.1
chr5_56848102_C_CAA	0.01	0.1	0.1	0.1
rs144358526	0	0	0.01	0
rs375973468	0.01	0	0.01	0
rs144733623	0	0	0.01	0.01
rs145074708	0.1	0	0.1	0.01
rs145428797	0	0	0.01	0
rs145538528	0.01	0.01	0.1	0
rs145588482	0.01	0.1	0.1	0.1
rs547195374	0.1	0.1	0.01	0.1
rs145779718	0.1	0.01	0.1	0.1
rs145971109	0	0	0.01	0
rs2069000	0.1	0.01	0.1	0.1
rs73115630	0.1	0.01	0.1	0.1
rs146273029	0	0	0.01	0.01
rs146381373	0	0	0.1	0.01
rs759307999	0.01	0.1	0.1	0.1
rs146778056	0.01	0.1	0.1	0.1
rs377487405	0.1	0.01	0.01	0.01
rs147050569	0.01	0.1	0.1	0.1
rs147136568	0	0	0	0
rs118102151	0	0	0	0.01
rs147402949	0	0.1	0.1	0.01
rs147560545	0.01	0.1	0.1	0.1
rs140159411	0.1	0	0.1	0.1
rs147922241	0.01	0	0.1	0.1
rs12579441	0.1	0.01	0.01	0.1
rs148145380	0.01	0.1	0.1	0.1
rs148267906	0	0	0.01	0
rs148316037	0	0	0.01	0.01
rs71241426	0.01	0.1	0.1	0.1
rs1253432958	0.01	0.1	0.1	0.1
rs59145894	0.01	0.1	0.1	0.1
rs148612115	0	0	0.01	0.01
chr4_124026494_T_TTTCA	0.01	0.1	0.1	0.1
rs149277498	0.01	0.01	0.1	0.1
rs149390555	0.01	0.1	0.01	0.1
rs149406132	0.1	0.1	0.1	0.01
rs149472378	0	0.01	0.01	0.01
rs149668410	0	0	0.01	0
rs149682069	0.1	0.01	0.1	0.01
rs149769696	0.01	0.1	0.01	0.01
rs149826084	0	0.01	0.01	0.1
rs150162938	0	0	0	0
rs150415909	0.01	0	0.1	0.01
rs150478811	0	0	0.01	0
rs151153588	0	0	0.01	0
rs151338688	0	0	0.01	0
rs1553353675	0.01	0.1	0.1	0.1
rs1553796009	0	0	0.01	0.01
rs1553855417	0.1	0	0.1	0
rs115727950	0.1	0.01	0.1	0.1
rs150419431	0.01	0.1	0.1	0.1
rs1421324408	0.01	0.1	0.1	0.1
rs547149909	0	0.1	0.1	0.1
rs77429693	0	0	0.01	0
rs77193977	0.01	0.1	0.1	0.1
rs144037414	0	0.1	0.01	0.1
chr2_95419365_CAGAG_C	0.01	0.1	0.1	0.1
rs1589746	0	0	0.01	0.1
rs151308650	0	0.1	0.01	0.1
rs163836	0.1	0	0.1	0.1
rs145010051	0.01	0.01	0.1	0.01
rs16822633	0.01	0.1	0.1	0.1
rs16832790	0.01	0.01	0.1	0.01
rs16861088	0.01	0.1	0.1	0.1
rs16881110	0.01	0.1	0.1	0.1
rs114603341	0.1	0.01	0.1	0.1
rs16901836	0	0	0	0.01
rs16902677	0.01	0	0.01	0.1
rs16928809	0.01	0.1	0.1	0.1
rs16941117	0.1	0.01	0.1	0.1
rs16966868	0.01	0.1	0.1	0.1
rs16968031	0.1	0.01	0.1	0.1
rs16970084	0.01	0.01	0.1	0.1
rs16970474	0.1	0.01	0.1	0.1
rs16971431	0.01	0.1	0.1	0.1
rs16981558	0.01	0.01	0.1	0.1
rs115766182	0.1	0.01	0.01	0.01
rs2276532	0.01	0.1	0.1	0.1
rs17019393	0.1	0.01	0.01	0.1
rs17027846	0	0	0.01	0.01
rs17054672	0.01	0.01	0.1	0.1
rs17128291	0.01	0.1	0.1	0.1
rs17135323	0.01	0.1	0.1	0.1
rs17141808	0	0	0.1	0.01
rs17153696	0.01	0.1	0.1	0.1
rs169607	0.1	0	0	0.01
rs17330898	0.01	0.1	0.1	0.1
rs17466261	0.01	0.1	0.1	0.1
rs17606667	0.01	0.1	0.1	0.1
rs200491970	0.01	0.01	0.01	0.01
rs17707198	0.01	0.1	0.1	0.01
rs3829656	0.1	0.1	0.1	0.01
rs181457613	0.01	0	0.01	0.1
rs1371058630	0.1	0.01	0.01	0.1
rs182804606	0.01	0.1	0.1	0.1
rs183681	0.01	0.1	0.1	0.1
rs1841042	0.1	0.01	0.1	0.1
rs184546331	0	0	0.01	0
rs74358400	0.1	0	0.1	0.1
rs184642538	0.01	0	0.01	0.1
rs185357041	0.1	0.01	0	0.1
rs118138543	0	0.1	0.1	0.1
rs186539093	0	0.1	0.01	0.1
rs187181802	0	0	0.01	0
rs796172546	0	0	0.01	0
rs188258860	0.01	0.1	0.1	0.1
rs17059760	0.01	0.1	0.1	0.1
rs4072548	0.1	0.01	0.1	0.1
rs188624750	0	0	0	0
rs12659887	0.1	0.1	0.1	0.01
rs190027705	0.01	0.1	0.01	0
rs200089405	0.01	0.1	0.1	0.1
rs1936951	0.01	0.1	0.1	0.1
rs150326	0.01	0.1	0.1	0.1
rs113470701	0.1	0.01	0.1	0.1
rs199569236	0.01	0.1	0.1	0.1
rs199781326	0.01	0.01	0.1	0.1
rs199800910	0.1	0.01	0.1	0.1
rs199848895	0.01	0.01	0.1	0.1
rs12596338	0.01	0.1	0.1	0.1
rs199968980	0.01	0	0.01	0
rs200062786	0.01	0.1	0.1	0.1
rs200083999	0.01	0.1	0.1	0.1
rs153634	0.01	0.01	0.1	0.1
rs635843	0.01	0.01	0.1	0.1
rs372807231	0.01	0	0	0.01
rs10148623	0.01	0.1	0.1	0.1
chr1_839405_G_C	0.1	0.01	0.1	0.1
rs71352554	0.01	0.1	0.1	0.1
rs200727510	0	0.01	0	0.1
rs7984138	0.01	0.01	0.1	0.1
rs11277931	0.1	0.01	0.1	0.1
rs200889401	0.01	0.1	0.1	0.1
rs200905005	0.01	0.01	0.01	0.1
rs201043725	0.01	0.1	0.01	0.1
rs2011398	0.1	0.1	0.01	0.1
rs254290	0.01	0.1	0.1	0.1
rs185034224	0	0.1	0.01	0.1
rs149094427	0.1	0	0.01	0.1
rs201318201	0	0	0.01	0
rs201529629	0.1	0	0.1	0.1
rs201573986	0	0	0.01	0
rs201591876	0.1	0.01	0.01	0.1
rs201555630	0.1	0	0.01	0.01
rs58027361	0.01	0.1	0.1	0.1
rs2016902	0.1	0.01	0.1	0.1
rs115585846	0.1	0.01	0.1	0.1
rs929233	0.1	0.01	0.1	0.1
rs201936760	0.01	0	0.1	0
rs116302923	0.01	0.01	0.1	0.01
rs1003237	0.1	0.01	0.1	0.1
rs79830831	0	0	0	0
rs56837069	0.1	0.1	0.01	0.1
rs2029127	0.1	0.01	0.1	0.1
rs200855515	0.01	0.1	0.1	0.1
rs2059972	0	0.01	0	0
rs2062115	0.01	0.1	0.1	0.1
rs143070509	0	0	0.1	0
rs11835068	0.1	0.01	0.1	0.1
rs2075563	0.01	0	0	0.1
rs2100259547	0	0.01	0.01	0.1
rs2238578	0.1	0.01	0.1	0.1
rs2239970	0.1	0.01	0.1	0.1
rs75679573	0.1	0.01	0.1	0.01
rs62371756	0.01	0.1	0.1	0.1
rs2263323	0.01	0.1	0.1	0.1
rs2433687	0.1	0.01	0.1	0.01
rs2271435	0.01	0.1	0.1	0.1
rs2272736	0	0	0	0
rs2273047	0.01	0.01	0.1	0.1
rs2276284	0.01	0.1	0.1	0.1
rs2279347	0.1	0.01	0.1	0.1
rs2281535	0.01	0.1	0.1	0.1
rs2284179	0.1	0.1	0.1	0.01
rs2286797	0	0.01	0.01	0.1
rs2288703	0.01	0	0.01	0.1
rs2290770	0.1	0.01	0.1	0.01
rs2292114	0.01	0.01	0.1	0.1
rs2294124	0.1	0.01	0.1	0.1
rs2295093	0.1	0.01	0.1	0.1
rs2296323	0.1	0.01	0.01	0.1
rs2297717	0.1	0	0.1	0.01
rs2301256	0	0.01	0	0
rs2303425	0.01	0.1	0.1	0.1
rs2303988	0	0	0.01	0
rs2306144	0.01	0.01	0.01	0.1
rs2306204	0.01	0.1	0.1	0.1
rs2370399	0.1	0.1	0.01	0.1
rs2644907	0.01	0	0	0
rs2252571	0.01	0.01	0	0
rs75690624	0	0.01	0.1	0.1
rs2540895	0.01	0.1	0.1	0.1
rs200056038	0.01	0.1	0.1	0.1
rs2596466	0.01	0.1	0.1	0.1
rs2597079	0.1	0	0.01	0.1
rs17034946	0.01	0.1	0.1	0.1
rs548607980	0.01	0	0	0.01
rs571431352	0.01	0.01	0.01	0.1
rs879556378	0.1	0.1	0.01	0.1
rs183403695	0.1	0.1	0.01	0.1
rs3729585	0.1	0.01	0.1	0.1
rs1285977950	0.01	0	0.01	0.1
rs28364712	0.01	0.01	0.1	0.1
rs28364741	0.01	0.1	0.1	0.1
rs28365941	0.01	0.1	0.1	0.1
rs116876189	0.01	0	0.1	0.1
rs28608875	0.01	0.1	0.1	0.1
rs2101736	0.1	0.01	0.1	0.1
rs28678861	0.01	0.1	0.1	0.1
rs28688833	0.1	0.01	0.1	0.1
rs61276093	0.1	0.01	0.01	0.1
rs12860747	0.01	0.1	0.1	0.1
rs2889102	0.1	0.01	0.1	0.1
rs573941705	0.01	0.1	0.1	0.1
rs1410789982	0	0.01	0	0
chr15_22558955_AGT_A	0.01	0.01	0	0.01
rs1264834958	0.1	0.01	0.01	0.01
rs2972362	0.1	0.01	0.1	0.1
rs2976603	0.1	0.01	0.01	0.1
rs3760591	0.01	0.1	0.1	0.1
rs3103948	0.01	0.1	0.1	0.1
rs3122227	0.01	0.1	0.1	0.1
rs3138141	0.01	0.1	0.1	0.1
rs3213558	0.01	0.1	0.1	0.1
rs3213763	0	0.01	0.1	0
rs34146119	0.1	0.01	0.1	0.1
rs34164922	0.1	0.1	0.1	0.01
rs34200633	0.01	0.1	0.1	0.1
rs34361148	0.01	0.1	0.1	0.1
rs34380032	0.1	0.01	0.1	0.1
rs34512505	0.01	0.1	0.01	0.1
rs34588766	0.01	0.1	0.1	0.1
rs34659302	0	0.01	0.01	0
rs35020541	0.01	0.1	0.1	0.1
rs2015686	0.1	0.01	0.1	0.1
rs138315485	0.1	0.01	0.1	0.01
rs144682972	0.1	0.01	0.1	0.01
rs35381963	0.01	0.1	0.1	0.1
rs35460081	0.1	0.01	0.1	0.1
rs77552976	0.01	0.1	0.01	0.1
rs35549328	0.1	0.01	0.1	0.1
rs35589325	0.01	0.1	0.1	0.1
rs2270399	0.01	0.1	0.1	0.1
rs35925709	0.01	0.01	0.1	0.1
rs36134518	0.01	0.1	0.1	0.1
rs36175525	0.01	0.1	0.1	0.1
rs45438992	0.01	0.01	0.1	0.1
rs74001726	0.1	0.01	0.1	0.1
rs368182478	0.01	0.01	0.01	0.1
chr3_195947859_AT_A	0.01	0.1	0.1	0.1
rs369016263	0	0	0.1	0.1
rs369031690	0.01	0.1	0.1	0.1
rs369883234	0	0.01	0.01	0.1
rs370301190	0	0	0.01	0
rs370914216	0	0.1	0.1	0.1
rs79506660	0	0	0.01	0.01
rs371749095	0.1	0.1	0.1	0.01
rs371939889	0	0.01	0.01	0.01
rs372321006	0.01	0.1	0.1	0.1
rs6122230	0.01	0	0.01	0.1
chr10_79802606_T_TTTTA	0.1	0.01	0.1	0.1
rs3734901	0.01	0.1	0.1	0.1
rs3735382	0.01	0.01	0.1	0.1
rs77649572	0.1	0.01	0.1	0.1
rs3738414	0	0.1	0.1	0.1
rs145155309	0.01	0.1	0.1	0.1
rs3750996	0	0	0.1	0.01
rs150969704	0.01	0.1	0.1	0.1
rs3754809	0.01	0.01	0.1	0.1
rs77349216	0	0.01	0.01	0
rs3760046	0	0	0.01	0
rs3760977	0	0	0.01	0
rs114877878	0.1	0.01	0.1	0.1
rs3767704	0.1	0.01	0.1	0.1
rs3769052	0.1	0.01	0.1	0.1
chr12_74925699_CAA_C	0.01	0.01	0.1	0.1
rs377284193	0.1	0.1	0.01	0.1
rs3774443	0.1	0.01	0.01	0.1
rs3782993	0.01	0.1	0.1	0.1
rs3785414	0.01	0.01	0.1	0.1
rs77096941	0.1	0.01	0.1	0.1
rs3789759	0.01	0.1	0.1	0.1
rs3803541	0.01	0.1	0.1	0.1
rs3810424	0	0.01	0.01	0
rs199866952	0	0.1	0.1	0.01
rs3817878	0.1	0.01	0.1	0
rs3825768	0.1	0.01	0.01	0.01
rs3828888	0.01	0.1	0.1	0.1
rs3848359	0.1	0.01	0.1	0.1
rs3916097	0.1	0.01	0.1	0.1
rs1426094409	0.01	0.01	0.01	0.1
rs40211	0.1	0.01	0.1	0.1
rs62307318	0.01	0.1	0.1	0.1
rs76153210	0	0.1	0.1	0.1
rs41312925	0	0.01	0.01	0.1
rs4148875	0.01	0.1	0.1	0.1
rs4148974	0.01	0.1	0.1	0.1
rs416415	0.1	0	0.1	0.1
rs416761	0.1	0.01	0.01	0.1
rs440099	0	0	0	0
rs4258731	0.01	0.1	0.1	0.1
rs75812611	0	0	0.01	0.1
rs4352899	0.01	0.1	0.1	0.1
rs185696163	0.1	0.01	0.01	0.1
rs411538	0.1	0.01	0.1	0.1
rs10473213	0.1	0.01	0.1	0.1
rs4646300	0	0	0	0.01
rs4742815	0.01	0.1	0.1	0.1
rs12764017	0.01	0.1	0.1	0.1
rs4751620	0.01	0.1	0.1	0.1
rs78299653	0.1	0	0.1	0.1
rs559973253	0	0	0.01	0
rs4774513	0.1	0	0.1	0.1
rs4786298	0.01	0	0.01	0.1
rs4792962	0.01	0.01	0.1	0.1
rs4810102	0.1	0.01	0.1	0.1
rs76951436	0.01	0	0.1	0.01
rs4896711	0.01	0.1	0.1	0.1
rs4923864	0.01	0.1	0.1	0.1
rs76464443	0.01	0.1	0.1	0.1
rs4959088	0	0.01	0.1	0.1
rs514246	0.1	0.01	0.01	0.1
rs537383374	0	0.01	0.1	0.01
rs117552411	0	0	0.01	0.1
rs66983006	0.1	0.01	0.1	0.1
rs539625380	0	0	0.01	0.01
rs547123676	0.01	0.1	0.1	0.1
rs550821518	0.01	0.01	0.1	0.1
rs77386907	0	0	0.01	0
rs199606747	0	0	0.01	0
rs554422109	0.01	0.01	0.1	0.1
rs55756285	0.01	0	0.01	0.1
rs55783344	0.01	0.1	0.1	0.1
rs55789087	0.1	0	0.01	0.01
rs55958900	0.01	0.1	0.1	0.1
rs56066509	0.01	0.1	0.1	0.01
rs56164320	0.01	0.1	0.1	0.1
rs2288590	0	0.01	0.1	0.1
rs568586254	0.01	0.1	0.1	0.1
rs569292072	0.1	0	0.1	0.1
rs56942767	0.01	0.1	0.1	0.1
rs59280193	0.1	0.01	0.1	0.1
rs56993661	0.1	0.01	0.1	0.1
rs56997645	0.01	0.1	0.1	0.1
rs570853437	0.01	0.1	0.1	0.1
rs2278374	0	0.01	0.01	0.1
rs57278174	0.1	0	0.1	0.01
rs2812950	0	0.01	0.01	0
rs57326324	0.01	0.1	0.1	0.1
rs117966941	0.1	0.01	0.1	0.01
rs57362759	0	0	0.01	0
rs10114992	0.1	0.01	0.1	0.1
rs57453031	0	0.01	0.01	0
rs574549556	0.01	0	0	0.01
rs57548937	0.01	0.1	0.1	0.1
rs5758554	0.01	0	0.1	0.01
rs5772881	0.01	0.1	0.1	0.1
rs57753645	0.01	0.01	0.01	0.1
rs57822951	0.1	0.01	0.1	0.1
rs57923451	0	0	0.01	0
rs75258522	0	0.1	0.1	0.1
rs111287883	0.1	0.01	0.1	0.1
rs2283467	0.01	0.01	0.01	0.01
rs58550546	0	0.01	0.01	0.1
chr2_86939730_CTTTTTT_C	0.01	0.1	0.1	0.01
rs58684165	0.1	0.01	0.1	0.1
rs116928947	0.01	0	0.01	0.1
rs58886872	0.1	0.01	0.1	0.1
rs59270071	0	0	0	0
rs59663262	0.01	0.01	0.1	0.1
rs59738243	0.1	0.01	0.1	0.1
rs60325326	0.1	0.01	0.1	0.1
rs60438795	0.01	0.1	0.1	0.1
rs60450866	0.1	0.01	0.01	0
rs61041959	0.01	0.1	0.1	0.1
rs61408621	0	0.01	0.1	0.1
rs61636631	0.1	0.01	0.1	0.1
rs61671722	0.1	0.01	0.1	0.1
rs61769353	0.1	0.01	0.1	0.1
rs61828881	0.01	0.1	0.1	0.1
rs117212827	0	0	0.01	0.01
rs148541958	0.01	0.1	0.1	0.1
rs113309695	0.01	0	0.01	0.01
rs61998186	0.01	0.1	0.1	0.1
rs62021494	0.01	0.1	0.1	0.1
rs199923799	0	0	0.01	0
rs75167381	0	0.01	0.1	0.01
rs58795269	0.1	0.01	0.01	0.1
rs62270518	0.01	0.1	0.1	0.1
rs62455988	0.01	0.1	0.1	0.1
rs62467442	0.01	0.1	0.1	0.1
rs639235	0.01	0.01	0.1	0.1
rs59486916	0	0.01	0.1	0.01
rs4409398	0.01	0.1	0.1	0.1
rs6666862	0.1	0.1	0.01	0.1
rs68149300	0.1	0.01	0.1	0.1
rs662281	0.01	0.01	0.1	0.1
chr6_53667382_C_CTTTG	0.01	0.1	0.1	0.1
rs7045566	0.01	0.1	0.1	0.1
rs117251009	0.01	0	0.1	0
rs2238527	0.01	0.1	0.1	0.1
rs71532977	0.01	0.1	0.1	0.1
rs11072869	0.01	0.1	0.1	0.1
chr22_24355426_C_CCTGTCTGT	0.1	0.01	0.1	0.1
rs7223963	0.1	0.01	0.1	0.1
rs7249065	0.01	0.1	0.1	0.1
rs7259073	0.01	0.1	0.1	0.1
rs4717102	0.01	0.01	0.1	0.1
rs72621700	0	0.01	0.01	0
rs72629024	0.01	0.1	0.1	0.1
rs72635520	0	0.1	0.1	0.1
rs72643751	0.1	0.1	0.1	0
rs72649967	0.01	0.01	0.1	0.1
rs55670800	0.01	0.1	0.01	0.1
rs72851305	0.1	0.01	0.1	0.1
rs72882750	0.1	0.01	0.1	0.01
rs72951506	0.01	0.1	0.1	0.1
rs72970709	0.1	0.01	0.1	0.1
rs73040753	0.01	0.1	0.1	0.1
rs73050865	0.01	0.1	0.1	0.1
rs73120922	0.01	0.1	0.1	0.1
rs73247974	0.1	0.01	0.01	0.1
rs1035919844	0.1	0.01	0.1	0.01
rs73369026	0.1	0.01	0.1	0.1
rs733713	0.1	0.01	0.01	0.1
rs151250282	0.01	0.1	0.1	0.01
rs73506561	0.1	0.01	0.1	0.1
rs73687857	0.1	0	0.1	0.1
rs73997539	0.1	0.01	0.1	0.1
rs74222343	0.1	0.01	0.1	0.1
rs74224013	0.01	0.1	0.1	0.1
rs74243182	0	0	0.1	0
rs13429773	0.1	0	0.1	0.01
rs74269606	0.01	0.1	0.1	0.1
rs74341214	0	0	0	0
rs74389915	0.01	0.1	0.1	0.1
rs74400734	0.01	0.1	0.1	0.1
rs7454148	0.01	0.01	0.1	0.01
rs74559184	0.01	0.1	0.1	0.1
rs74580395	0	0.01	0.1	0
rs74601708	0.1	0.1	0.01	0.1
rs74647818	0.01	0.01	0.01	0.01
rs74728094	0.01	0.1	0.1	0.1
rs74751250	0.01	0.1	0.1	0.1
rs74778772	0.01	0.1	0.1	0.1
rs74849270	0	0	0.01	0
rs74858496	0	0	0	0.01
rs74859843	0	0	0.01	0
rs74878314	0.1	0.01	0.1	0.01
rs141997200	0.1	0.01	0	0
rs28404539	0.1	0.01	0.1	0.1
rs60580755	0.1	0.01	0.1	0.01
rs74971849	0.01	0	0.1	0.1
rs75000772	0.1	0.1	0.01	0.1
rs138732500	0	0.01	0.1	0.01
rs75097022	0.1	0.1	0.01	0.1
rs74725571	0.1	0	0.01	0.01
rs75303154	0.01	0	0.1	0.1
rs75319321	0.01	0.1	0.1	0.1
rs12585204	0.01	0.1	0.1	0.1
rs75458097	0.01	0.1	0.1	0.1
rs75475627	0.01	0.1	0.1	0.1
rs75506137	0	0.01	0.01	0.1
rs75575069	0	0	0	0.1
rs75626899	0.1	0.01	0.1	0.1
rs75650393	0.01	0.1	0.1	0.01
chr17_19349391_AT_A	0	0	0.01	0.01
rs757262335	0.01	0.1	0.1	0.1
rs113259530	0.1	0.01	0.1	0.1
rs75848601	0	0.1	0.1	0.1
rs75898519	0	0	0	0
rs75919543	0.01	0.01	0.1	0.1
rs140172304	0.01	0.1	0.1	0.1
rs75948706	0.1	0.01	0.01	0.1
rs75978894	0	0	0.01	0
rs12809401	0.01	0.1	0.1	0.1
chr10_119918995_ATT_A	0.01	0.1	0.1	0.1
rs76038233	0	0	0.01	0
rs76072033	0.01	0.01	0.1	0.1
rs76074297	0	0.01	0.01	0.1
rs76088133	0	0	0.01	0
rs56699936	0.1	0.01	0.1	0.1
rs76243503	0	0	0.01	0.01
rs9607399	0.01	0.1	0.1	0.1
rs10506589	0.01	0.1	0.1	0.1
rs76347742	0	0.01	0.01	0.1
rs141649834	0	0	0	0.01
rs76464595	0	0	0.01	0
rs34202669	0.01	0.1	0.1	0.1
rs10500940	0.01	0.1	0.1	0.1
rs76701325	0	0	0.01	0
rs767075914	0.1	0.01	0.01	0.01
rs76872657	0.01	0.1	0.1	0.1
rs76880733	0.01	0.1	0.1	0.1
rs780116156	0.01	0.1	0.1	0.1
rs76908738	0.01	0.1	0.1	0.1
rs2297575	0.01	0.01	0.1	0.1
rs7698952	0	0	0.01	0.1
rs77001493	0.01	0.1	0.1	0.1
rs77050481	0.1	0.01	0.1	0.1
rs77061831	0.01	0	0	0.1
rs77078701	0.01	0	0.1	0
rs77298863	0	0.1	0.1	0.01
rs77329510	0.01	0	0.01	0.01
rs77338154	0	0.1	0.1	0.1
rs77352241	0	0	0.01	0.1
rs77359371	0	0	0.01	0
rs117862811	0	0.01	0.01	0.1
rs77403867	0	0	0.01	0
rs77450252	0.01	0.1	0.1	0.1
rs77460708	0	0	0.01	0
chr1_220774823_A_ACTCT	0.1	0.1	0.1	0.01
rs77477097	0.01	0.01	0.01	0
rs775673623	0.01	0.01	0	0
rs17152230	0.01	0.1	0.1	0.1
rs77643011	0.01	0.01	0.01	0.1
rs77720030	0.01	0.1	0.1	0.1
rs77746756	0.01	0.1	0.1	0.1
rs77755021	0.01	0.01	0.1	0.1
rs77800387	0.01	0.1	0.1	0
rs114383117	0.01	0.1	0.1	0.1
rs77844880	0.01	0.1	0.1	0.1
rs1255040526	0	0	0.01	0
rs77875930	0.01	0.01	0.01	0.1
rs77933573	0.01	0.1	0.1	0.1
chr5_32245908_C_CA	0.01	0.01	0.01	0.1
rs78153822	0	0.01	0.1	0.01
rs78242232	0.01	0.1	0.1	0.1
rs78341122	0	0	0	0
rs5758303	0.1	0.01	0.1	0.1
rs78375587	0	0	0.01	0
rs78408400	0	0.01	0.01	0.1
rs78445351	0.1	0.01	0.1	0.1
rs78529636	0	0	0.01	0
rs78538011	0.01	0.1	0.1	0.1
rs78628012	0.01	0.01	0.01	0.1
rs10461743	0.01	0.1	0.1	0.1
rs78691238	0.01	0.01	0.1	0.1
rs78850032	0.01	0.1	0.01	0.1
rs78860528	0.1	0	0.01	0.01
rs78952315	0.01	0.1	0.1	0.1
rs78978290	0.01	0.1	0.1	0.1
rs3782190	0.1	0.01	0.1	0.1
rs79040147	0.01	0.01	0.01	0.01
rs79145843	0.01	0.01	0.1	0.1
rs79160322	0.01	0.1	0.1	0.1
rs7917002	0.1	0.01	0.1	0.1
rs79252606	0	0	0.01	0.01
rs79324164	0.1	0.01	0.1	0.1
rs117827682	0.01	0.01	0.01	0.1
rs79402489	0.01	0	0.01	0.1
rs79437129	0.01	0.01	0.1	0.1
rs7945757	0.1	0.01	0.01	0.01
rs79478511	0.1	0.01	0.1	0.01
rs7948891	0	0	0.01	0.01
rs79503323	0.1	0.01	0.1	0.1
rs117573912	0	0.01	0.01	0
rs79516886	0.01	0.01	0.1	0.1
rs79527462	0	0	0.01	0.01
rs79586233	0.1	0.01	0.1	0.01
rs116912039	0.01	0.01	0.01	0.01
rs79610298	0	0	0.01	0
rs563733742	0.1	0.01	0.01	0.1
rs79717953	0	0.01	0.1	0.01
rs79725162	0.01	0.1	0.1	0.1
rs79785172	0	0.01	0.01	0
rs138991934	0	0	0.01	0.1
rs2302187	0	0.01	0.01	0.01
rs80261423	0.1	0.01	0.1	0.1
rs80318806	0.1	0.01	0.1	0.1
rs80046964	0.1	0	0.1	0.1
rs856045	0.1	0.01	0.1	0.1
rs76936643	0.01	0.1	0.1	0.1
rs935386724	0.1	0.01	0.01	0.1
rs866606426	0.01	0	0.01	0
rs61817605	0.01	0.1	0.1	0.1
rs148917625	0	0	0.01	0.01
rs118033917	0.01	0.1	0.1	0.1
rs868150472	0.01	0.1	0.1	0.1
rs567231358	0.01	0	0.01	0
rs874692	0.01	0.1	0.1	0.1
rs112665134	0.1	0.1	0.01	0.1
rs904153359	0	0	0.01	0.01
rs140903773	0.01	0.1	0.1	0.1
rs9343982	0	0.01	0.1	0.1
rs9404989	0.01	0.1	0.1	0.1
rs9380182	0	0	0	0
rs9390470	0.1	0.01	0.1	0.1
rs9528692	0.01	0.1	0.1	0.1
rs9574421	0.01	0.1	0.1	0.1
rs9577042	0	0	0	0
rs9611014	0.01	0.1	0.1	0.1
rs1185118532	0	0.1	0.01	0.1
rs112314714	0	0.1	0.01	0.1
rs9635390	0.01	0.1	0.1	0.1
rs977771496	0	0	0	0
