variant_id	pip	in_cs	BP
rs1000256857	0.00174631646042567	0	133268872
rs1000490179	1.18793863634892e-14	0	133275140
rs1001332580	1.11022302462516e-16	0	133275393
rs1002271266	5.55111512312578e-16	0	133264269
rs1004598421	1.22124532708767e-15	0	133275649
rs1005442585	6.55475673738692e-13	0	133271325
rs1009260530	5.55111512312578e-16	0	133264057
rs10117159	2.22044604925031e-16	0	133170716
rs10117255	6.66133814775094e-16	0	133171108
rs10118950	1.11022302462516e-16	0	133012149
rs10119590	2.22044604925031e-16	0	133226121
rs10119905	1.11022302462516e-16	0	133013643
rs10121942	1.11022302462516e-16	0	133078695
rs10124218	1.11022302462516e-16	0	133164146
rs10124364	5.55111512312578e-16	0	133182218
rs10125348	1.11022302462516e-16	0	133142837
rs10125492	1.11022302462516e-16	0	133143357
rs1014727494	0.00174631646042567	0	133269548
rs1016984057	6.28407326175306e-11	0	133272620
rs1017694825	6.28407326175306e-11	0	133272138
rs1018522873	6.55475673738692e-13	0	133260839
rs1018855663	1.11022302462516e-16	0	133261890
rs1021837343	6.55475673738692e-13	0	133261113
rs1022328332	6.55475673738692e-13	0	133261367
rs1022770124	5.55111512312578e-16	0	133267979
rs1025005047	6.55475673738692e-13	0	133269277
rs1025248775	3.33066907387547e-16	0	133270880
rs1028495618	5.55111512312578e-16	0	133275106
rs1029958454	5.27466958999412e-13	0	133264351
rs1031746662	2.33913999281299e-11	0	133269214
rs1032895545	5.55111512312578e-16	0	133265202
rs1033586231	0.00174631646042567	0	133271249
rs1034241731	6.55475673738692e-13	0	133260349
rs1036774881	6.55475673738692e-13	0	133265102
rs1038456332	0.108999811176696	1	133266942
rs1040219554	0.00174631646042567	0	133269461
rs1042805181	1.13099751786194e-10	0	133274165
rs1043505509	5.27466958999412e-13	0	133261737
rs1044161203	6.55475673738692e-13	0	133268698
rs10441806	2.88657986402541e-15	0	133187050
rs1045833349	0.00174631646042567	0	133270074
rs1047436326	3.33066907387547e-16	0	133269042
rs1050634750	0.00174631646042567	0	133270797
rs1050915570	2.33913999281299e-11	0	133263894
rs1051785609	5.55111512312578e-16	0	133272124
rs1052517	1.11022302462516e-16	0	133205359
rs1053878	3.33066907387547e-16	0	133256264
rs1054379	7.99360577730113e-13	0	133470702
rs1055432	2.22044604925031e-16	0	133459117
rs1062356	1.11022302462516e-16	0	133098692
rs10736859	4.44089209850063e-16	0	133185962
rs10736860	1.11022302462516e-16	0	133216422
rs10751500	2.22044604925031e-16	0	133181719
rs10751501	1.11022302462516e-16	0	133216255
rs10751502	1.99840144432528e-15	0	133253692
rs10751505	1.11022302462516e-16	0	133328538
rs10793952	2.22044604925031e-16	0	133175878
rs10793953	4.44089209850063e-16	0	133181569
rs10793954	2.22044604925031e-16	0	133184265
rs10793955	4.44089209850063e-16	0	133185894
rs10793956	1.11022302462516e-16	0	133204155
rs10793957	1.11022302462516e-16	0	133212544
rs10793958	1.11022302462516e-16	0	133212660
rs10793959	1.11022302462516e-16	0	133217812
rs10793961	1.11022302462516e-16	0	133233766
rs10793962	3.33066907387547e-16	0	133253728
rs10793964	1.11022302462516e-16	0	133331753
rs10901231	1.11022302462516e-16	0	133083939
rs10901232	1.11022302462516e-16	0	133086400
rs10901233	1.11022302462516e-16	0	133086409
rs10901235	1.11022302462516e-16	0	133119779
rs10901236	1.11022302462516e-16	0	133142522
rs10901237	1.11022302462516e-16	0	133163276
rs10901238	1.11022302462516e-16	0	133163544
rs10901239	2.99760216648792e-15	0	133164747
rs10901240	2.64233079860787e-14	0	133183663
rs10901241	1.11022302462516e-16	0	133183930
rs10901242	1.55431223447522e-15	0	133201666
rs10901243	5.10702591327572e-15	0	133202988
rs10901244	1.4432899320127e-15	0	133204076
rs10901245	1.4432899320127e-15	0	133204267
rs10901246	1.11022302462516e-16	0	133205098
rs10901247	1.11022302462516e-16	0	133205100
rs10901248	1.11022302462516e-16	0	133218228
rs10901249	4.44089209850063e-16	0	133222862
rs10901250	6.66133814775094e-16	0	133246239
rs10901251	5.55111512312578e-16	0	133250742
rs10901252	3.33066907387547e-16	0	133252613
rs10901253	6.55475673738692e-13	0	133253385
rs10901256	2.22044604925031e-16	0	133287875
rs10901257	2.22044604925031e-16	0	133287998
rs10901261	1.11022302462516e-16	0	133324916
rs10901262	1.11022302462516e-16	0	133325278
rs10901263	1.11022302462516e-16	0	133326035
rs111425801	7.7715611723761e-16	0	133094804
rs111431690	1.11022302462516e-16	0	133317867
rs111587591	1.11022302462516e-16	0	133418770
rs111725678	1.11022302462516e-16	0	133036092
rs111829392	6.66133814775094e-16	0	133015248
rs112133819	1.11022302462516e-16	0	133029772
rs112142514	1.11022302462516e-16	0	133123161
rs112147996	1.11022302462516e-16	0	133317616
rs112196740	1.11022302462516e-16	0	133043991
rs112212773	2.22044604925031e-16	0	133222828
rs112311853	1.11022302462516e-16	0	133024548
rs11243972	2.22044604925031e-16	0	133000657
rs11243973	2.22044604925031e-16	0	133000764
rs11243974	2.22044604925031e-16	0	133001066
rs11243977	2.22044604925031e-16	0	133002517
rs11243978	1.11022302462516e-16	0	133006297
rs11243980	1.11022302462516e-16	0	133012559
rs11243981	1.11022302462516e-16	0	133012895
rs11243983	1.11022302462516e-16	0	133025234
rs11243990	2.22044604925031e-16	0	133069821
rs11244001	1.11022302462516e-16	0	133113575
rs11244006	1.11022302462516e-16	0	133125646
rs11244008	1.11022302462516e-16	0	133141294
rs11244009	1.11022302462516e-16	0	133142769
rs11244014	1.11022302462516e-16	0	133165097
rs11244015	9.99200722162641e-16	0	133165442
rs11244016	1.11022302462516e-16	0	133167237
rs11244017	1.11022302462516e-16	0	133167307
rs11244018	1.11022302462516e-16	0	133167479
rs11244020	1.11022302462516e-15	0	133167805
rs11244021	9.99200722162641e-16	0	133169234
rs11244023	1.11022302462516e-16	0	133180416
rs11244024	1.11022302462516e-16	0	133183544
rs11244025	2.64233079860787e-14	0	133183923
rs11244030	2.22044604925031e-16	0	133200162
rs11244031	1.55431223447522e-15	0	133200777
rs11244032	3.33066907387547e-16	0	133201617
rs11244033	1.33226762955019e-15	0	133203795
rs11244034	1.11022302462516e-16	0	133204885
rs11244038	1.11022302462516e-16	0	133220383
rs11244041	1.11022302462516e-16	0	133233892
rs11244049	1.11022302462516e-16	0	133247705
rs11244051	1.66533453693773e-15	0	133253344
rs11244052	6.55475673738692e-13	0	133253738
rs11244053	6.55475673738692e-13	0	133253973
rs11244061	3.96620625231492e-10	0	133278537
rs11244064	1.11022302462516e-16	0	133286265
rs11244065	1.11022302462516e-16	0	133295839
rs11244071	1.11022302462516e-16	0	133297771
rs11244079	1.11022302462516e-16	0	133317691
rs11244082	1.11022302462516e-16	0	133322343
rs11244083	1.11022302462516e-16	0	133324112
rs11244084	1.99895655583759e-12	0	133324174
rs11244086	1.11022302462516e-16	0	133324949
rs11244090	1.11022302462516e-16	0	133334355
rs112447906	1.11022302462516e-16	0	133072461
rs112490390	6.66133814775094e-16	0	133022089
rs112682351	1.11022302462516e-16	0	133130486
rs112738386	1.22124532708767e-14	0	133227402
rs112874295	1.11022302462516e-16	0	133176885
rs112963123	1.11022302462516e-16	0	133160235
rs113016026	1.11022302462516e-16	0	133045783
rs113016973	1.11022302462516e-16	0	133237937
rs113081678	1.11022302462516e-16	0	133355665
rs113122434	1.11022302462516e-16	0	133028895
rs113209080	1.11022302462516e-16	0	133317624
rs113361172	6.01740879346835e-14	0	133416428
rs113395696	1.11022302462516e-16	0	133441410
rs113470417	6.66133814775094e-16	0	133227375
rs113482770	1.11022302462516e-16	0	133317737
rs113529953	1.11022302462516e-16	0	133028852
rs113756259	1.11022302462516e-16	0	133023761
rs113756918	1.11022302462516e-16	0	133022704
rs113780443	1.11022302462516e-16	0	133029363
rs113782033	1.11022302462516e-16	0	133115807
rs1137827	3.33066907387547e-16	0	133254328
rs113823847	1.11022302462516e-16	0	133137476
rs113845480	3.33066907387547e-16	0	133387773
rs113936463	1.11022302462516e-16	0	133046365
rs1141748	1.11022302462516e-16	0	133329004
rs114386128	1.11022302462516e-16	0	133247226
rs114406399	1.11022302462516e-16	0	133244567
rs114667516	1.11022302462516e-16	0	133393414
rs114968084	2.22044604925031e-16	0	133147567
rs115005555	1.11022302462516e-16	0	133318091
rs115071869	5.55111512312578e-16	0	133283289
rs115166192	5.55111512312578e-16	0	133257831
rs11536928	1.11022302462516e-16	0	133294880
rs11536929	1.11022302462516e-16	0	133295530
rs11543366	1.11022302462516e-16	0	133363074
rs115478735	3.65460864903966e-08	0	133274295
rs115808157	1.11022302462516e-16	0	133002560
rs1161644495	0.108999811176696	1	133267708
rs116338785	1.11022302462516e-16	0	133317418
rs11655	1.11022302462516e-16	0	133340993
rs116716108	5.55111512312578e-16	0	133202289
rs116842520	1.11022302462516e-16	0	133078678
rs116870488	5.44009282066327e-15	0	133247386
rs116988716	1.18793863634892e-14	0	133235128
rs1169953876	1.11022302462516e-16	0	133310632
rs117097355	1.11022302462516e-16	0	133135004
rs117098121	1.11022302462516e-16	0	133134025
rs117119759	1.11022302462516e-16	0	133345313
rs117134629	1.11022302462516e-16	0	133304245
rs117164445	1.4432899320127e-15	0	133452645
rs117242941	1.11022302462516e-16	0	133097894
rs117248362	1.11022302462516e-16	0	133305964
rs117257267	1.18793863634892e-14	0	133234794
rs117260560	1.11022302462516e-16	0	133023014
rs117283510	1.18793863634892e-14	0	133236091
rs117300748	2.22044604925031e-16	0	133429120
rs117315606	1.11022302462516e-16	0	133494807
rs117322380	1.11022302462516e-16	0	133146876
rs117338100	1.11022302462516e-16	0	133117092
rs117373921	1.11022302462516e-16	0	133317953
rs117393770	1.11022302462516e-16	0	133017413
rs117397870	1.11022302462516e-16	0	133244309
rs117405640	1.11022302462516e-16	0	133015880
rs117449207	2.22044604925031e-16	0	133216007
rs117497898	1.11022302462516e-16	0	133463790
rs117509822	3.33066907387547e-16	0	133374038
rs117537850	1.11022302462516e-15	0	133390145
rs117727545	1.11022302462516e-16	0	133113719
rs117731944	1.11022302462516e-16	0	133168659
rs117741193	1.11022302462516e-16	0	133227418
rs117767504	1.11022302462516e-16	0	133487468
rs117791022	3.33066907387547e-16	0	133469241
rs117804300	1.11022302462516e-16	0	133158977
rs117831977	9.99200722162641e-16	0	133158154
rs117847676	1.11022302462516e-16	0	133023860
rs117876422	2.44249065417534e-15	0	133234353
rs11788544	2.46469511466785e-14	0	133185734
rs11789139	4.44089209850063e-16	0	133318489
rs11789393	1.11022302462516e-16	0	133225775
rs11789398	2.22044604925031e-16	0	133225820
rs1179011	2.22044604925031e-16	0	133319548
rs1179034	2.02060590481778e-14	0	133368597
rs1179036	1.63202784619898e-14	0	133370663
rs1179037	1.11022302462516e-16	0	133371633
rs1179038	1.11022302462516e-16	0	133374318
rs1179040	1.11022302462516e-16	0	133374768
rs1179041	2.22044604925031e-16	0	133375798
rs11791119	1.11022302462516e-16	0	133318150
rs117913630	1.11022302462516e-16	0	133487537
rs117914583	1.11022302462516e-16	0	133024280
rs11791611	1.33226762955019e-15	0	133202054
rs11791989	3.33066907387547e-16	0	133302827
rs11792324	5.55111512312578e-16	0	133241008
rs11792806	1.11022302462516e-16	0	133052603
rs11793170	7.21644966006352e-15	0	133179918
rs11793580	8.88178419700125e-16	0	133293322
rs11793768	2.33146835171283e-15	0	133241275
rs11793870	1.16573417585641e-14	0	133181641
rs11794634	6.88338275267597e-15	0	133215426
rs11795315	2.28705943072782e-14	0	133189379
rs117993921	2.22044604925031e-16	0	133131462
rs118070731	1.11022302462516e-16	0	133109293
rs118089775	1.11022302462516e-16	0	133136108
rs118094162	1.11022302462516e-16	0	133477730
rs118101374	9.99200722162641e-16	0	133158620
rs118119692	1.11022302462516e-16	0	133117410
rs11999677	2.22044604925031e-16	0	133221239
rs12000656	7.7715611723761e-16	0	133234925
rs12002576	3.33066907387547e-16	0	133240546
rs12002997	3.33066907387547e-16	0	133240543
rs12003437	7.7715611723761e-16	0	133145261
rs12004298	3.33066907387547e-16	0	133240489
rs12004323	2.22044604925031e-16	0	133240605
rs12005793	2.22044604925031e-16	0	133170332
rs12006133	2.22044604925031e-16	0	133221272
rs120858	1.11022302462516e-16	0	133333974
rs12216891	1.11022302462516e-16	0	133251979
rs12216896	5.55111512312578e-15	0	133182801
rs1228751859	1.11022302462516e-16	0	133310333
rs12335	1.11022302462516e-16	0	133330998
rs12339451	1.11022302462516e-16	0	133239923
rs12340741	1.18793863634892e-14	0	133232142
rs12341034	1.55431223447522e-15	0	133181506
rs12341695	1.11022302462516e-16	0	133232115
rs12342395	1.11022302462516e-16	0	133141810
rs12344686	1.11022302462516e-16	0	133088764
rs12344712	1.11022302462516e-16	0	133088775
rs12345330	1.11022302462516e-16	0	133316395
rs12345911	1.11022302462516e-16	0	133238450
rs12348227	1.11022302462516e-16	0	133142205
rs12348292	3.33066907387547e-16	0	133239889
rs12350044	1.11022302462516e-16	0	133019507
rs12352524	1.11022302462516e-16	0	133088484
rs12352555	1.11022302462516e-16	0	133088606
rs12375449	1.11022302462516e-16	0	133166480
rs12378537	1.11022302462516e-16	0	133190139
rs12378573	2.22044604925031e-16	0	133002247
rs12379461	5.10702591327572e-15	0	133205149
rs12379977	1.11022302462516e-16	0	133169193
rs12553972	1.11022302462516e-16	0	133041631
rs12554336	6.55475673738692e-13	0	133253276
rs12554339	6.55475673738692e-13	0	133253350
rs12554449	6.66133814775094e-16	0	133209813
rs12554580	1.99840144432528e-15	0	133253216
rs12554595	6.55475673738692e-13	0	133253277
rs12554813	1.11022302462516e-16	0	133017554
rs12683493	9.88098491916389e-15	0	133279490
rs12683804	1.11022302462516e-16	0	133319751
rs12685748	1.11022302462516e-16	0	133022002
rs12686582	1.11022302462516e-16	0	133021372
rs12763	1.11022302462516e-16	0	133360384
rs1276637009	1.11022302462516e-16	0	133308886
rs1295394815	1.11022302462516e-16	0	133313121
rs13283342	1.11022302462516e-16	0	133096455
rs13284142	4.44089209850063e-16	0	133001148
rs13284477	2.22044604925031e-16	0	133335560
rs13284610	1.11022302462516e-16	0	133001439
rs13285438	1.11022302462516e-16	0	133083805
rs13286066	1.11022302462516e-16	0	133083858
rs13295207	1.66533453693773e-15	0	133200292
rs13295531	1.11022302462516e-16	0	133303908
rs13296482	1.11022302462516e-16	0	133137303
rs13298002	8.88178419700125e-16	0	133279554
rs1329890386	1.11022302462516e-16	0	133309569
rs13299130	4.44089209850063e-16	0	133191307
rs13299582	1.11022302462516e-16	0	133222215
rs13300216	1.11022302462516e-16	0	133416062
rs13300535	1.11022302462516e-16	0	133222426
rs13301148	3.33066907387547e-16	0	133240053
rs1330292	1.11022302462516e-16	0	133009419
rs1339519302	1.11022302462516e-16	0	133311718
rs1362709861	1.11022302462516e-16	0	133313170
rs1367792346	0.108999811176696	1	133267707
rs1376683008	1.11022302462516e-16	0	133311209
rs137855938	1.11022302462516e-16	0	133447275
rs137987574	1.11022302462516e-16	0	133231250
rs138026250	5.55111512312578e-16	0	133281565
rs138075032	6.21724893790088e-15	0	133151288
rs138164693	5.55111512312578e-16	0	133258727
rs1384200912	1.11022302462516e-16	0	133310340
rs138490087	1.11022302462516e-16	0	133193467
rs138683771	2.22044604925031e-16	0	133230176
rs138704916	5.55111512312578e-16	0	133244809
rs138796740	1.11022302462516e-16	0	133044114
rs1388210041	1.11022302462516e-16	0	133311657
rs138841709	1.4432899320127e-15	0	133438771
rs138884934	2.22044604925031e-16	0	133083013
rs139056129	3.33066907387547e-16	0	133224548
rs139171552	1.11022302462516e-16	0	133056378
rs139199729	1.11022302462516e-16	0	133495299
rs139359913	5.44009282066327e-15	0	133245428
rs139376280	1.22124532708767e-15	0	133228272
rs13940	1.11022302462516e-16	0	133406422
rs1394126170	1.11022302462516e-16	0	133312528
rs139428144	1.11022302462516e-16	0	133356661
rs139617667	1.11022302462516e-16	0	133022210
rs139677361	1.11022302462516e-16	0	133022826
rs140167248	1.11022302462516e-16	0	133182497
rs140794498	1.11022302462516e-16	0	133190751
rs1408668690	1.11022302462516e-16	0	133311305
rs141429199	1.4432899320127e-15	0	133467311
rs141472448	1.11022302462516e-16	0	133255316
rs141491564	1.11022302462516e-16	0	133244570
rs141535538	1.11022302462516e-16	0	133447790
rs141668780	1.11022302462516e-16	0	133059809
rs141707380	5.55111512312578e-16	0	133244933
rs141808149	1.11022302462516e-16	0	133204017
rs142397281	3.33066907387547e-16	0	133174961
rs143037947	1.66533453693773e-15	0	133356665
rs143322388	1.11022302462516e-16	0	133298312
rs143355538	1.11022302462516e-16	0	133013690
rs143622622	2.22044604925031e-16	0	133227386
rs143685973	1.11022302462516e-16	0	133147905
rs143901155	5.44009282066327e-15	0	133245568
rs143936130	5.55111512312578e-16	0	133296719
rs144330472	1.11022302462516e-16	0	133063218
rs144380047	4.44089209850063e-16	0	133233100
rs144473590	1.11022302462516e-16	0	133433166
rs144487511	1.11022302462516e-16	0	133317378
rs144539704	2.22044604925031e-16	0	133369059
rs144596390	1.11022302462516e-16	0	133094534
rs144611110	1.11022302462516e-16	0	133481205
rs145007118	2.22044604925031e-16	0	133177937
rs145054389	2.22044604925031e-16	0	133396201
rs145199698	1.11022302462516e-16	0	133055288
rs145208895	2.22044604925031e-16	0	133217137
rs145663061	1.11022302462516e-16	0	133028871
rs145722208	5.44009282066327e-15	0	133246884
rs145810407	1.11022302462516e-16	0	133017575
rs146343056	1.11022302462516e-16	0	133494083
rs146582653	5.55111512312578e-16	0	133283877
rs147187381	1.11022302462516e-16	0	133053078
rs147278971	6.66133814775094e-16	0	133298920
rs147339688	2.22044604925031e-16	0	133174075
rs147375567	1.11022302462516e-16	0	133279293
rs147487194	1.11022302462516e-16	0	133191710
rs148122766	1.11022302462516e-16	0	133086971
rs1481784861	1.11022302462516e-16	0	133311876
rs148340800	1.11022302462516e-16	0	133458480
rs148763789	1.22124532708767e-15	0	133250745
rs148838783	2.22044604925031e-16	0	133193664
rs148915256	1.11022302462516e-16	0	133318281
rs148970980	3.33066907387547e-16	0	133300421
rs149028335	1.11022302462516e-16	0	133304031
rs149181677	1.11022302462516e-16	0	133431409
rs149630086	1.11022302462516e-16	0	133493195
rs149880709	5.44009282066327e-15	0	133245528
rs150148506	1.11022302462516e-16	0	133342703
rs150208587	1.11022302462516e-16	0	133338738
rs150606269	1.11022302462516e-16	0	133101553
rs150797655	1.11022302462516e-16	0	133224524
rs150844645	1.11022302462516e-16	0	133244690
rs150986867	2.22044604925031e-16	0	133068614
rs151062050	1.11022302462516e-16	0	133159814
rs151316644	1.11022302462516e-16	0	133251238
rs1541331	3.33066907387547e-16	0	133050630
rs1548371	1.11022302462516e-16	0	133135091
rs1633512	1.11022302462516e-16	0	133284646
rs1633768	1.11022302462516e-16	0	133003751
rs1633769	1.11022302462516e-16	0	133003890
rs17150319	1.11022302462516e-16	0	133317763
rs17150482	1.11022302462516e-16	0	133327758
rs17150554	1.11022302462516e-16	0	133404019
rs17150557	1.11022302462516e-16	0	133405671
rs17150614	1.11022302462516e-16	0	133499739
rs1734944	1.11022302462516e-16	0	133085712
rs17474001	2.26548779735936e-11	0	133402020
rs1752337	1.11022302462516e-16	0	133284655
rs1752338	1.11022302462516e-16	0	133284612
rs1755623	1.11022302462516e-16	0	133018894
rs1755624	1.11022302462516e-16	0	133018743
rs1755625	1.11022302462516e-16	0	133018711
rs1755629	8.54871728961371e-15	0	133003827
rs1755630	1.11022302462516e-16	0	133086802
rs176689	1.11022302462516e-16	0	133286559
rs176690	1.11022302462516e-16	0	133287192
rs176691	1.33226762955019e-15	0	133287734
rs176692	1.33226762955019e-15	0	133287757
rs176693	1.11022302462516e-16	0	133288429
rs176694	2.99760216648792e-15	0	133289021
rs176695	1.11022302462516e-16	0	133289067
rs176696	1.11022302462516e-16	0	133289083
rs176697	1.11022302462516e-16	0	133289639
rs176698	1.11022302462516e-16	0	133289799
rs176699	1.33226762955019e-15	0	133292514
rs176700	1.11022302462516e-16	0	133293515
rs17810852	1.11022302462516e-16	0	133499953
rs1800867	1.11022302462516e-16	0	133332023
rs181843005	1.11022302462516e-16	0	133429376
rs183228393	5.55111512312578e-16	0	133259444
rs183622578	1.11022302462516e-16	0	133477708
rs183760563	5.55111512312578e-16	0	133202270
rs183853102	1.11022302462516e-16	0	133352207
rs184010600	1.99840144432528e-15	0	133227055
rs184916705	1.11022302462516e-16	0	133285408
rs1858879	1.11022302462516e-16	0	133460785
rs187680653	1.11022302462516e-16	0	133457229
rs1887519	1.11022302462516e-16	0	133414114
rs188864086	3.33066907387547e-16	0	133132879
rs189997548	3.33066907387547e-16	0	133086427
rs192074232	1.11022302462516e-16	0	133007257
rs192078159	1.11022302462516e-16	0	133027878
rs192129994	1.11022302462516e-16	0	133080681
rs192245115	1.11022302462516e-16	0	133060790
rs192308651	1.11022302462516e-16	0	133374618
rs1927311	7.7715611723761e-16	0	133282971
rs199969472	1.11022302462516e-16	0	133251111
rs2002962	1.55431223447522e-15	0	133226228
rs200569376	1.11022302462516e-16	0	133019798
rs2013075	1.11022302462516e-16	0	133227766
rs2013751	1.11022302462516e-16	0	133068122
rs201742699	1.11022302462516e-16	0	133019709
rs2028002	3.33066907387547e-16	0	133438133
rs2028003	3.33066907387547e-16	0	133438003
rs2039184	3.33066907387547e-16	0	133172006
rs2051680	1.11022302462516e-16	0	133355934
rs2073821	1.11022302462516e-16	0	133057735
rs2073822	1.11022302462516e-16	0	133106701
rs2073823	1.77635683940025e-15	0	133257129
rs2073824	3.33066907387547e-16	0	133257246
rs2073825	6.55475673738692e-13	0	133257320
rs2073870	1.11022302462516e-16	0	133208193
rs2073921	3.33066907387547e-16	0	133162643
rs2073922	1.11022302462516e-16	0	133162584
rs2073923	1.11022302462516e-16	0	133162458
rs2073924	1.11022302462516e-16	0	133162355
rs2073925	3.33066907387547e-16	0	133161872
rs2073926	1.11022302462516e-16	0	133156163
rs2073927	1.11022302462516e-16	0	133155959
rs2073932	1.01607611213694e-12	0	133440318
rs2073933	2.22044604925031e-16	0	133440154
rs2073934	2.22044604925031e-16	0	133439607
rs2073935	2.22044604925031e-16	0	133475078
rs2073936	1.11022302462516e-16	0	133468234
rs2073937	1.11022302462516e-16	0	133458510
rs2075733	2.22044604925031e-16	0	133072397
rs2157779	1.11022302462516e-16	0	133488010
rs2157780	1.11022302462516e-16	0	133487999
rs2182812	2.22044604925031e-16	0	133407494
rs2269894	1.11022302462516e-16	0	133365882
rs2283131	3.33066907387547e-16	0	133049728
rs2283134	1.11022302462516e-16	0	133075844
rs2285375	1.11022302462516e-16	0	133108117
rs2285481	1.11022302462516e-16	0	133406620
rs2285482	1.11022302462516e-16	0	133406668
rs2285483	1.11022302462516e-16	0	133406714
rs2285485	1.11022302462516e-16	0	133412261
rs2285486	1.11022302462516e-16	0	133412360
rs2285488	1.32116539930394e-14	0	133412734
rs2285489	2.22044604925031e-16	0	133424254
rs2296809	1.11022302462516e-16	0	133360141
rs2296810	1.11022302462516e-16	0	133360818
rs2301577	1.11022302462516e-16	0	133107004
rs2301612	3.33066907387547e-16	0	133436862
rs2301613	2.22044604925031e-16	0	133449556
rs2301614	2.22044604925031e-16	0	133460038
rs2301615	1.11022302462516e-16	0	133460340
rs2353084	1.11022302462516e-16	0	133305702
rs2353633	1.11022302462516e-16	0	133330299
rs2353635	3.33066907387547e-16	0	133297990
rs2364419	1.11022302462516e-16	0	133013509
rs2365216	1.11022302462516e-16	0	133117621
rs2491	1.11022302462516e-16	0	133331135
rs2494	1.11022302462516e-16	0	133362957
rs2519086	3.33066907387547e-16	0	133036716
rs2519087	4.44089209850063e-16	0	133037189
rs2519089	1.11022302462516e-16	0	133101165
rs2519090	3.33066907387547e-16	0	133101292
rs2519091	1.11022302462516e-16	0	133102196
rs2519198	1.11022302462516e-16	0	133134065
rs2519199	1.11022302462516e-16	0	133134332
rs2519838	5.55111512312578e-16	0	133294912
rs2519869	1.11022302462516e-16	0	133008781
rs2519870	1.11022302462516e-16	0	133012915
rs2520103	7.99360577730113e-13	0	133452205
rs2769073	5.97299987248334e-14	0	133448783
rs2769074	7.99360577730113e-13	0	133449371
rs2773807	1.11022302462516e-16	0	133117657
rs2773814	1.11022302462516e-16	0	133007829
rs2773815	1.11022302462516e-16	0	133008163
rs2773816	1.11022302462516e-16	0	133012664
rs2773817	1.11022302462516e-16	0	133017427
rs2773821	3.33066907387547e-16	0	133032812
rs2773826	1.11022302462516e-16	0	133091387
rs2773827	1.11022302462516e-16	0	133092751
rs2773828	1.11022302462516e-16	0	133099969
rs28360841	2.22044604925031e-16	0	133489879
rs28367141	1.11022302462516e-16	0	133347372
rs28373202	1.11022302462516e-16	0	133399026
rs28374096	1.11022302462516e-16	0	133368224
rs28393320	1.11022302462516e-16	0	133475314
rs28393999	2.22044604925031e-16	0	133438768
rs28394600	1.11022302462516e-16	0	133394213
rs28400378	1.11022302462516e-16	0	133375736
rs28406995	1.11022302462516e-16	0	133369746
rs28407036	1.11022302462516e-16	0	133386870
rs28408693	1.11022302462516e-16	0	133444646
rs28410930	1.11022302462516e-16	0	133364677
rs28413852	7.7715611723761e-16	0	133146632
rs28417862	3.33066907387547e-16	0	133498548
rs28421534	1.11022302462516e-16	0	133493230
rs28422057	1.4432899320127e-15	0	133492955
rs28436085	2.22044604925031e-16	0	133466697
rs28446901	7.05324687544362e-12	0	133443675
rs28449682	1.11022302462516e-16	0	133405217
rs28452807	1.11022302462516e-16	0	133014975
rs28453139	3.33066907387547e-16	0	133485870
rs28453162	1.11022302462516e-16	0	133399253
rs28455779	1.11022302462516e-16	0	133375073
rs28458971	1.11022302462516e-16	0	133389952
rs28460103	1.11022302462516e-16	0	133413643
rs28461467	1.11022302462516e-16	0	133396161
rs28464387	3.33066907387547e-16	0	133493072
rs28470788	4.44089209850063e-16	0	133223111
rs28473388	1.11022302462516e-16	0	133391816
rs28476494	5.55111512312578e-16	0	133282715
rs28478009	1.11022302462516e-16	0	133416766
rs28478220	1.11022302462516e-16	0	133408188
rs28479961	4.44089209850063e-16	0	133446953
rs28483151	1.11022302462516e-16	0	133353473
rs28489061	1.11022302462516e-16	0	133405195
rs28493251	1.11022302462516e-16	0	133376399
rs28494844	1.11022302462516e-16	0	133401060
rs28503257	1.11022302462516e-16	0	133454467
rs28503755	1.11022302462516e-16	0	133430770
rs28504382	1.11022302462516e-16	0	133410554
rs28507496	9.99200722162641e-16	0	133206211
rs28508232	1.11022302462516e-16	0	133419104
rs28513445	1.11022302462516e-16	0	133412544
rs28515121	3.33066907387547e-16	0	133426474
rs28517680	3.33066907387547e-16	0	133433956
rs28517799	2.22044604925031e-16	0	133488228
rs28519070	1.11022302462516e-16	0	133337361
rs28534766	1.11022302462516e-16	0	133408257
rs28536509	5.55111512312578e-16	0	133495031
rs28538967	1.91102689228728e-12	0	133348545
rs28540113	1.11022302462516e-16	0	133408339
rs28546420	4.44089209850063e-16	0	133223109
rs28548424	1.11022302462516e-16	0	133358600
rs28549807	1.11022302462516e-16	0	133380419
rs28551042	1.11022302462516e-16	0	133410264
rs28552957	2.22044604925031e-16	0	133467553
rs28556828	1.11022302462516e-16	0	133407982
rs28563050	1.11022302462516e-16	0	133305960
rs28571612	1.11022302462516e-16	0	133425552
rs28578742	1.11022302462516e-16	0	133374726
rs28584627	1.11022302462516e-16	0	133474059
rs28587998	1.11022302462516e-16	0	133488632
rs28590601	1.11022302462516e-16	0	133390448
rs28591209	1.11022302462516e-16	0	133394541
rs28602295	1.11022302462516e-16	0	133402342
rs28602591	5.27944354900001e-12	0	133379795
rs28602660	3.2756353185448e-11	0	133446950
rs2860271	1.11022302462516e-16	0	133013364
rs28611489	1.11022302462516e-16	0	133369679
rs28612288	1.11022302462516e-16	0	133366976
rs28615428	1.11022302462516e-16	0	133477646
rs28615629	1.11022302462516e-16	0	133354702
rs28617580	1.11022302462516e-16	0	133387168
rs28622217	1.11022302462516e-16	0	133402194
rs28624078	1.11022302462516e-16	0	133418409
rs28627547	1.11022302462516e-16	0	133358539
rs28632066	1.11022302462516e-16	0	133381608
rs28635402	1.11022302462516e-16	0	133348619
rs28636702	1.11022302462516e-16	0	133338575
rs28641026	1.11022302462516e-16	0	133449831
rs28641858	1.11022302462516e-16	0	133405218
rs28645493	3.42708084133392e-11	0	133440617
rs28647808	1.11022302462516e-16	0	133440409
rs28650090	1.11022302462516e-16	0	133487268
rs28658542	5.27944354900001e-12	0	133347421
rs28659967	1.11022302462516e-16	0	133366892
rs28660186	1.11022302462516e-16	0	133466757
rs28660681	1.11022302462516e-16	0	133413590
rs28661231	1.11022302462516e-16	0	133367688
rs28661862	2.22044604925031e-16	0	133000456
rs28663225	2.22044604925031e-16	0	133431111
rs28669169	6.66133814775094e-16	0	133498308
rs28673647	3.33066907387547e-16	0	133447335
rs28675874	1.11022302462516e-16	0	133413996
rs28678509	3.33066907387547e-16	0	133492555
rs28680325	2.22044604925031e-16	0	133451246
rs28680464	1.11022302462516e-16	0	133427848
rs28681345	1.11022302462516e-16	0	133475203
rs28683508	1.11022302462516e-16	0	133413227
rs28688220	2.22044604925031e-16	0	133488399
rs28688336	1.11022302462516e-16	0	133368982
rs28690644	1.11022302462516e-16	0	133404545
rs28693733	1.11022302462516e-16	0	133365870
rs28693986	1.11022302462516e-16	0	133351103
rs28694269	1.11022302462516e-16	0	133014692
rs28699275	4.44089209850063e-16	0	133413715
rs28707006	1.11022302462516e-16	0	133494962
rs28709650	1.11022302462516e-16	0	133411579
rs28714280	1.11022302462516e-16	0	133403838
rs28715750	1.11022302462516e-16	0	133368628
rs28718919	3.33066907387547e-16	0	133486512
rs28721280	1.11022302462516e-16	0	133402189
rs28723011	1.11022302462516e-16	0	133398899
rs28729234	1.11022302462516e-16	0	133430112
rs28729896	1.11022302462516e-16	0	133412676
rs28730431	1.11022302462516e-16	0	133418538
rs28730888	1.11022302462516e-16	0	133435905
rs28742053	2.22044604925031e-16	0	133423809
rs28756699	1.11022302462516e-16	0	133408403
rs28757785	2.22044604925031e-16	0	133426501
rs28758507	1.11022302462516e-16	0	133081253
rs28793911	2.22044604925031e-16	0	133434817
rs2886073	1.11022302462516e-16	0	133014577
rs2886293	1.11022302462516e-16	0	133107545
rs2886306	1.11022302462516e-16	0	133146393
rs2886307	1.59872115546023e-14	0	133174953
rs28868680	2.22044604925031e-16	0	133435002
rs28880037	2.22044604925031e-16	0	133435404
rs2905088	1.11022302462516e-16	0	133022500
rs2905089	1.11022302462516e-16	0	133024457
rs2905090	1.11022302462516e-16	0	133024596
rs2905091	1.11022302462516e-16	0	133026021
rs2905093	4.44089209850063e-16	0	133026936
rs2905094	2.22044604925031e-16	0	133027302
rs2905095	2.22044604925031e-16	0	133027406
rs2905172	1.11022302462516e-16	0	133008836
rs2905173	1.11022302462516e-16	0	133009186
rs2905174	1.11022302462516e-16	0	133012468
rs2905175	1.11022302462516e-16	0	133012703
rs2905176	1.11022302462516e-16	0	133013676
rs2905178	1.11022302462516e-16	0	133014132
rs2905179	1.11022302462516e-16	0	133015156
rs2905180	1.11022302462516e-16	0	133016492
rs2905182	1.11022302462516e-16	0	133017594
rs2988566	1.11022302462516e-16	0	133024501
rs2988567	1.11022302462516e-16	0	133025312
rs2988569	1.11022302462516e-16	0	133025576
rs2988570	1.11022302462516e-16	0	133025967
rs2988571	1.11022302462516e-16	0	133029179
rs3011267	1.11022302462516e-16	0	133005806
rs3011268	1.11022302462516e-16	0	133007553
rs3011270	1.11022302462516e-16	0	133008217
rs3011271	1.11022302462516e-16	0	133008233
rs3011272	1.11022302462516e-16	0	133008614
rs3011273	1.11022302462516e-16	0	133012763
rs3011274	1.11022302462516e-16	0	133013129
rs3011276	1.11022302462516e-16	0	133013756
rs3011278	1.11022302462516e-16	0	133015604
rs3011279	1.11022302462516e-16	0	133015739
rs3011280	1.11022302462516e-16	0	133015811
rs3011282	1.11022302462516e-16	0	133016475
rs3011283	1.11022302462516e-16	0	133016693
rs3011284	1.11022302462516e-16	0	133016920
rs3011285	1.11022302462516e-16	0	133017987
rs3011286	1.11022302462516e-16	0	133018603
rs3088274	1.11022302462516e-16	0	133098291
rs3094326	2.62678767626312e-13	0	133478525
rs3094327	5.97299987248334e-14	0	133457407
rs3094341	1.11022302462516e-16	0	133017783
rs3094371	7.99360577730113e-13	0	133467614
rs3094375	3.85913523359704e-13	0	133453946
rs3094377	1.33226762955019e-15	0	133446998
rs3094379	1.21552878873388e-10	0	133469788
rs3094380	7.99360577730113e-13	0	133469476
rs3118660	1.11022302462516e-16	0	133369011
rs3118662	1.11022302462516e-16	0	133413750
rs3118663	2.22044604925031e-16	0	133416633
rs3118664	1.11022302462516e-16	0	133416797
rs3118665	1.11022302462516e-16	0	133418269
rs3118666	1.11022302462516e-16	0	133421010
rs3118667	2.75224287804576e-13	0	133425943
rs3118671	1.11022302462516e-16	0	133432286
rs3124747	7.88258347483861e-15	0	133402955
rs3124748	1.11022302462516e-16	0	133402909
rs3124749	1.11022302462516e-16	0	133402682
rs3124750	1.11022302462516e-16	0	133400958
rs3124751	1.11022302462516e-16	0	133400778
rs3124752	2.22044604925031e-16	0	133399364
rs3124753	2.22044604925031e-16	0	133384145
rs3124755	1.11022302462516e-16	0	133373428
rs3124756	5.55111512312578e-16	0	133486306
rs3124757	1.11022302462516e-16	0	133480981
rs3124758	2.66453525910038e-15	0	133479731
rs3124759	2.62678767626312e-13	0	133477293
rs3124761	4.94788210403385e-10	0	133474633
rs3124762	1.27675647831893e-14	0	133473065
rs3124764	1.83748460891309e-10	0	133464832
rs3124765	1.03143382723658e-10	0	133463535
rs3124766	8.49238457334422e-11	0	133451821
rs3124767	6.01851901649297e-13	0	133443421
rs3124768	1.01607611213694e-12	0	133439376
rs3124769	6.34270413968352e-13	0	133439016
rs3124770	1.53876911213047e-13	0	133435084
rs3124776	2.22044604925031e-16	0	133419330
rs3124777	1.11022302462516e-16	0	133418978
rs3124778	1.11022302462516e-16	0	133418930
rs3124779	1.11022302462516e-16	0	133416846
rs3124780	1.11022302462516e-16	0	133416805
rs3124781	1.11022302462516e-16	0	133410193
rs3124782	2.22044604925031e-16	0	133405872
rs3205136	2.22044604925031e-16	0	133251244
rs33919837	1.11022302462516e-16	0	133403828
rs33923294	1.11022302462516e-16	0	133156430
rs33936863	1.4432899320127e-15	0	133203519
rs34008151	1.11022302462516e-16	0	133478465
rs34018822	1.11022302462516e-16	0	133101277
rs34021886	1.11022302462516e-16	0	133156402
rs34048304	1.11022302462516e-16	0	133469336
rs34054981	1.11022302462516e-16	0	133426241
rs34063534	1.11022302462516e-16	0	133446038
rs34076803	2.22044604925031e-16	0	133330591
rs34093506	1.11022302462516e-16	0	133122405
rs34100568	1.11022302462516e-16	0	133454374
rs34104559	1.11022302462516e-16	0	133358763
rs34108489	2.55351295663786e-15	0	133483093
rs34170541	1.11022302462516e-16	0	133101979
rs34187118	3.33066907387547e-16	0	133167064
rs34209214	1.11022302462516e-16	0	133477056
rs34265876	1.11022302462516e-16	0	133422087
rs34266669	1.11022302462516e-16	0	133251108
rs34287205	1.16573417585641e-14	0	133180931
rs34325210	1.11022302462516e-16	0	133128535
rs34399743	1.11022302462516e-16	0	133385574
rs34423753	1.11022302462516e-16	0	133319125
rs34426478	1.11022302462516e-16	0	133398563
rs34429998	1.11022302462516e-16	0	133129383
rs34454320	1.11022302462516e-16	0	133157215
rs34457549	1.11022302462516e-16	0	133156529
rs34475523	1.11022302462516e-16	0	133092933
rs34479413	1.11022302462516e-16	0	133108515
rs34510150	1.11022302462516e-16	0	133163727
rs34512234	1.11022302462516e-16	0	133322720
rs34571854	2.22044604925031e-16	0	133330649
rs34581573	1.4432899320127e-15	0	133207024
rs34628564	1.11022302462516e-16	0	133496760
rs34665461	2.22044604925031e-16	0	133485867
rs34764475	3.33066907387547e-16	0	133186128
rs34785487	1.11022302462516e-16	0	133421761
rs34813452	1.11022302462516e-16	0	133160728
rs34818240	1.11022302462516e-16	0	133450805
rs34819756	1.11022302462516e-16	0	133481211
rs34827769	1.11022302462516e-16	0	133451385
rs34847665	1.11022302462516e-16	0	133353536
rs34907858	1.11022302462516e-16	0	133156427
rs34911621	1.11022302462516e-16	0	133128714
rs34934621	1.11022302462516e-16	0	133454478
rs34939258	1.11022302462516e-16	0	133361130
rs34973810	1.11022302462516e-16	0	133418218
rs35018082	1.11022302462516e-16	0	133122273
rs35039208	1.11022302462516e-15	0	133155186
rs35051424	1.11022302462516e-16	0	133471786
rs35087293	1.11022302462516e-16	0	133093558
rs35101023	1.11022302462516e-16	0	133424860
rs35108384	1.11022302462516e-16	0	133101311
rs35125296	1.11022302462516e-16	0	133460794
rs35163606	1.11022302462516e-16	0	133128036
rs35179461	1.11022302462516e-16	0	133405169
rs35194094	1.11022302462516e-16	0	133424273
rs35200151	1.11022302462516e-16	0	133157113
rs35267131	1.11022302462516e-16	0	133102124
rs35301114	1.16573417585641e-14	0	133180919
rs35314130	3.33066907387547e-16	0	133426901
rs35319260	5.55111512312578e-16	0	133171258
rs35323320	2.22044604925031e-16	0	133081579
rs35333961	1.16573417585641e-14	0	133180778
rs35348753	1.11022302462516e-16	0	133404946
rs35352285	4.44089209850063e-16	0	133493263
rs35362440	1.11022302462516e-16	0	133081533
rs35410697	1.11022302462516e-16	0	133424303
rs35434910	8.88178419700125e-16	0	133166937
rs35488811	1.11022302462516e-16	0	133459656
rs35516997	1.11022302462516e-16	0	133432759
rs35528861	1.11022302462516e-16	0	133122511
rs35535549	1.16573417585641e-14	0	133181382
rs35565187	1.11022302462516e-16	0	133161774
rs35568562	1.11022302462516e-16	0	133122302
rs35621330	1.11022302462516e-16	0	133162633
rs35630406	1.11022302462516e-16	0	133404451
rs35637464	1.11022302462516e-16	0	133157284
rs35648884	1.11022302462516e-16	0	133449253
rs35698328	2.22044604925031e-16	0	133253725
rs35734958	1.11022302462516e-16	0	133132069
rs35763556	1.11022302462516e-16	0	133358017
rs35764394	1.11022302462516e-16	0	133401266
rs35768185	1.11022302462516e-16	0	133093733
rs35773987	1.11022302462516e-16	0	133467006
rs35775139	3.33066907387547e-16	0	133159295
rs35781646	6.66133814775094e-16	0	133169006
rs35792345	1.11022302462516e-16	0	133423676
rs35811795	1.11022302462516e-16	0	133359654
rs35902535	1.11022302462516e-15	0	133153751
rs35919591	1.4432899320127e-15	0	133203265
rs35920297	1.11022302462516e-16	0	133409007
rs35945091	2.22044604925031e-16	0	133318576
rs36023469	1.11022302462516e-16	0	133454367
rs36078038	1.11022302462516e-16	0	133392148
rs36079470	1.11022302462516e-16	0	133403773
rs36084164	4.44089209850063e-16	0	133492414
rs36091105	1.11022302462516e-16	0	133394682
rs36108299	9.99200722162641e-16	0	133157393
rs36191557	1.11022302462516e-16	0	133310010
rs36191939	1.11022302462516e-16	0	133309130
rs36217941	1.11022302462516e-16	0	133420594
rs36218903	6.66133814775094e-16	0	133426166
rs36219245	1.11022302462516e-16	0	133426349
rs36219252	1.11022302462516e-16	0	133427322
rs36219561	1.11022302462516e-16	0	133429769
rs36220235	1.11022302462516e-16	0	133436625
rs36220241	1.11022302462516e-16	0	133437088
rs36220584	1.11022302462516e-16	0	133437477
rs36220944	1.11022302462516e-16	0	133438873
rs36221449	1.11022302462516e-16	0	133442226
rs36221911	1.11022302462516e-16	0	133449511
rs36222279	3.42708084133392e-11	0	133450853
rs36222576	2.22044604925031e-16	0	133454166
rs36223203	1.11022302462516e-16	0	133459512
rs372687280	1.11022302462516e-16	0	133317087
rs3739890	1.11022302462516e-16	0	133327975
rs3739893	1.11022302462516e-16	0	133376453
rs3739894	1.11022302462516e-16	0	133405747
rs3747817	1.11022302462516e-16	0	133109779
rs3758348	8.87090401135993e-12	0	133372523
rs3758349	3.33066907387547e-16	0	133427946
rs3761821	1.11022302462516e-16	0	133210396
rs3761822	1.11022302462516e-16	0	133210436
rs3761823	1.11022302462516e-16	0	133211425
rs3761824	1.11022302462516e-16	0	133110409
rs3761825	1.11022302462516e-16	0	133110142
rs3761829	1.11022302462516e-16	0	133081704
rs3780805	1.11022302462516e-16	0	133414075
rs3780807	1.11022302462516e-16	0	133414312
rs3780808	3.33066907387547e-16	0	133437314
rs3780809	3.33066907387547e-16	0	133437563
rs3789257	1.11022302462516e-16	0	133045219
rs3814971	1.11022302462516e-16	0	133307571
rs3814974	1.11022302462516e-16	0	133307829
rs3827663	2.22044604925031e-16	0	133082620
rs3888558	1.11022302462516e-16	0	133222887
rs3888561	1.11022302462516e-16	0	133150073
rs3983372	1.11022302462516e-16	0	133236412
rs4128808	2.28705943072782e-14	0	133189842
rs41296094	1.11022302462516e-16	0	133439770
rs41296101	1.11022302462516e-16	0	133341861
rs41296107	6.79382106127946e-11	0	133405868
rs41296109	4.44089209850063e-16	0	133101069
rs41297211	1.11022302462516e-16	0	133395594
rs41297217	1.11022302462516e-16	0	133473458
rs41302665	1.11022302462516e-16	0	133225220
rs41302667	6.17274009684365e-11	0	133465306
rs41302673	3.48026052421346e-11	0	133405414
rs41302905	5.55111512312578e-16	0	133255929
rs41306714	1.11022302462516e-16	0	133395569
rs41307426	1.11022302462516e-16	0	133406610
rs41307428	1.11022302462516e-16	0	133471682
rs41309954	1.11022302462516e-16	0	133473476
rs41314453	1.11022302462516e-16	0	133442704
rs41316980	1.11022302462516e-16	0	133384072
rs41316982	1.11022302462516e-16	0	133393990
rs41316984	1.11022302462516e-16	0	133394104
rs41316990	1.11022302462516e-16	0	133354308
rs4246169	5.55111512312578e-16	0	133218763
rs4246170	1.11022302462516e-16	0	133237026
rs4246171	1.11022302462516e-16	0	133399602
rs4246172	1.11022302462516e-16	0	133399736
rs4284147	2.22044604925031e-16	0	133171752
rs4304446	1.11022302462516e-16	0	133034463
rs4310274	1.11022302462516e-16	0	133208414
rs4322078	4.44089209850063e-16	0	133223092
rs4327922	2.22044604925031e-16	0	133435592
rs4357365	2.22044604925031e-16	0	133238447
rs4363269	1.11022302462516e-16	0	133248453
rs4379511	2.22044604925031e-16	0	133226170
rs4392970	1.11022302462516e-16	0	133305768
rs4424335	1.11022302462516e-16	0	133238172
rs4431706	1.11022302462516e-16	0	133020579
rs4454354	1.11022302462516e-16	0	133214142
rs4466514	1.11022302462516e-16	0	133034403
rs4486266	1.11022302462516e-16	0	133223533
rs4489379	3.33066907387547e-16	0	133209554
rs4507838	2.22044604925031e-16	0	133226812
rs45483098	1.55431223447522e-15	0	133225109
rs45487303	1.11022302462516e-16	0	133107106
rs4549850	1.11022302462516e-16	0	133400111
rs45612939	2.22044604925031e-16	0	133225178
rs4598320	1.11022302462516e-16	0	133498740
rs472813	1.11022302462516e-16	0	133138897
rs475748	1.11022302462516e-16	0	133299472
rs477000	1.11022302462516e-16	0	133131341
rs482670	1.11022302462516e-16	0	133131971
rs484248	1.11022302462516e-16	0	133351735
rs487561	1.11022302462516e-16	0	133081730
rs487820	1.11022302462516e-16	0	133345514
rs488087	4.44089209850063e-16	0	133071212
rs489652	1.11022302462516e-16	0	133135523
rs491105	1.11022302462516e-16	0	133320090
rs491904	1.11022302462516e-16	0	133074221
rs493014	1.11022302462516e-16	0	133320327
rs493126	1.11022302462516e-16	0	133304223
rs495828	2.22186573139993e-07	0	133279294
rs4962035	1.11022302462516e-16	0	133000647
rs4962037	1.11022302462516e-16	0	133222438
rs4962039	1.11022302462516e-16	0	133237183
rs4962040	2.33913999281299e-11	0	133258141
rs4962043	1.11022302462516e-16	0	133302510
rs4962044	2.22044604925031e-16	0	133329585
rs4962046	1.11022302462516e-16	0	133370907
rs4962047	1.11022302462516e-16	0	133397789
rs4962048	1.11022302462516e-16	0	133415918
rs4962050	1.11022302462516e-16	0	133458723
rs4962051	1.11022302462516e-16	0	133466604
rs4962052	1.11022302462516e-16	0	133466857
rs4962054	1.11022302462516e-16	0	133471811
rs4962055	1.11022302462516e-16	0	133489413
rs4962085	1.11022302462516e-16	0	133003822
rs4962090	1.11022302462516e-16	0	133027651
rs4962093	2.22044604925031e-16	0	133085601
rs4962095	1.11022302462516e-16	0	133156364
rs4962096	1.11022302462516e-16	0	133156521
rs4962097	1.11022302462516e-16	0	133159520
rs4962101	3.33066907387547e-16	0	133183495
rs4962103	1.4432899320127e-15	0	133202129
rs4962104	1.11022302462516e-16	0	133211660
rs4962106	1.11022302462516e-16	0	133217372
rs4962107	1.11022302462516e-16	0	133217626
rs4962108	1.11022302462516e-16	0	133221319
rs4962111	1.11022302462516e-16	0	133237150
rs4962113	1.11022302462516e-16	0	133252254
rs4962114	6.55475673738692e-13	0	133254224
rs4962115	6.55475673738692e-13	0	133254255
rs4962116	6.55475673738692e-13	0	133254329
rs4962125	1.11022302462516e-16	0	133301494
rs4962126	4.10782519111308e-15	0	133301515
rs4962127	3.33066907387547e-16	0	133302794
rs4962129	2.22044604925031e-16	0	133328311
rs4962132	1.11022302462516e-16	0	133338163
rs4962133	1.11022302462516e-16	0	133351795
rs4962134	1.11022302462516e-16	0	133390850
rs4962135	1.11022302462516e-16	0	133390854
rs4962136	1.11022302462516e-16	0	133391018
rs4962137	1.11022302462516e-16	0	133391050
rs4962140	1.11022302462516e-16	0	133407383
rs4962141	1.11022302462516e-16	0	133409358
rs4962142	1.11022302462516e-16	0	133409763
rs4962144	1.11022302462516e-16	0	133410021
rs4962145	1.11022302462516e-16	0	133410068
rs4962150	1.11022302462516e-16	0	133446270
rs4962153	1.21552878873388e-10	0	133458632
rs4962154	2.22044604925031e-16	0	133467315
rs4962155	1.11022302462516e-16	0	133474675
rs4962156	1.11022302462516e-16	0	133485356
rs4962157	1.11022302462516e-16	0	133497618
rs4962158	1.11022302462516e-16	0	133497739
rs500428	4.50750547997814e-13	0	133279770
rs502361	4.50750547997814e-13	0	133280016
rs507480	5.55111512312578e-16	0	133283391
rs509001	3.33066907387547e-16	0	133300779
rs509064	1.11022302462516e-16	0	133078923
rs509482	1.11022302462516e-16	0	133283667
rs512050	1.55431223447522e-15	0	133343008
rs512179	1.11022302462516e-16	0	133283967
rs512624	1.11022302462516e-16	0	133317344
rs512770	2.99760216648792e-15	0	133258116
rs512887	1.11022302462516e-16	0	133284006
rs513519	1.11022302462516e-16	0	133012198
rs514708	1.79856129989275e-14	0	133258352
rs516928	1.11022302462516e-16	0	133304531
rs517414	6.55475673738692e-13	0	133258643
rs519931	1.11022302462516e-16	0	133000871
rs520812	1.11022302462516e-16	0	133013020
rs522392	1.11022302462516e-16	0	133005211
rs523304	1.11022302462516e-16	0	133356490
rs524137	1.11022302462516e-16	0	133004155
rs526449	1.11022302462516e-16	0	133137274
rs526855	3.33066907387547e-16	0	133075765
rs529309	1.11022302462516e-16	0	133324803
rs530478	1.11022302462516e-16	0	133298034
rs530506	1.11022302462516e-16	0	133006062
rs532207	1.11022302462516e-16	0	133298178
rs534629	1.11022302462516e-16	0	133079406
rs535015446	3.33066907387547e-16	0	133163943
rs535855	1.11022302462516e-16	0	133284217
rs535993	1.11022302462516e-16	0	133284270
rs537817707	1.11022302462516e-16	0	133152670
rs537895	6.7523764357702e-13	0	133274987
rs539285	1.11022302462516e-16	0	133317957
rs542301	1.11022302462516e-16	0	133133850
rs542336	1.11022302462516e-16	0	133133862
rs546248239	1.11022302462516e-16	0	133189536
rs547495	6.55475673738692e-13	0	133259604
rs547643	6.55475673738692e-13	0	133259656
rs549331	6.55475673738692e-13	0	133259791
rs549443	6.55475673738692e-13	0	133259833
rs549446	6.55475673738692e-13	0	133259834
rs549542	1.11022302462516e-16	0	133126222
rs551120	1.11022302462516e-16	0	133014026
rs551154	1.11022302462516e-16	0	133330442
rs551169	1.11022302462516e-16	0	133330450
rs551322	6.55475673738692e-13	0	133260040
rs551924	1.11022302462516e-16	0	133306143
rs552148	4.50750547997814e-13	0	133278037
rs553214	1.11022302462516e-16	0	133129513
rs553877	1.11022302462516e-16	0	133348100
rs554031	1.11022302462516e-16	0	133137979
rs554710	1.11022302462516e-16	0	133306452
rs55645892	1.11022302462516e-16	0	133036843
rs55686135	1.11022302462516e-16	0	133302407
rs55693804	1.11022302462516e-16	0	133316039
rs55727303	2.22044604925031e-16	0	133256189
rs557317	1.26565424807268e-14	0	133281464
rs55772607	1.11022302462516e-16	0	133036777
rs55776231	1.11022302462516e-16	0	133038353
rs55777484	1.11022302462516e-16	0	133041088
rs558240	1.66533453693773e-15	0	133281560
rs55849632	4.44089209850063e-16	0	133195217
rs558599	1.11022302462516e-16	0	133325714
rs55893286	1.11022302462516e-16	0	133032913
rs55941204	1.11022302462516e-16	0	133029573
rs559640	2.22044604925031e-16	0	133298882
rs55964601	1.11022302462516e-16	0	133041428
rs55965253	1.11022302462516e-16	0	133047764
rs559723	1.51428314332236e-10	0	133275068
rs55978893	1.99840144432528e-15	0	133486360
rs55988407	2.99760216648792e-15	0	133280491
rs560297	1.11022302462516e-16	0	133130250
rs560712	1.11022302462516e-16	0	133299025
rs56106348	1.11022302462516e-16	0	133303395
rs56106415	1.11022302462516e-16	0	133318380
rs561517	1.11022302462516e-16	0	133016602
rs561585	1.11022302462516e-16	0	133299121
rs56272996	1.11022302462516e-16	0	133052406
rs56273462	2.22044604925031e-16	0	133023721
rs56276521	1.11022302462516e-16	0	133032804
rs562942634	1.11022302462516e-16	0	133135491
rs56297928	1.11022302462516e-16	0	133029651
rs56302081	3.33066907387547e-16	0	133193023
rs56314203	1.11022302462516e-16	0	133041137
rs56332035	1.11022302462516e-16	0	133032770
rs563864	1.11022302462516e-16	0	133080285
rs565096	1.11022302462516e-16	0	133016964
rs565126	1.11022302462516e-16	0	133285059
rs566183	6.55475673738692e-13	0	133275782
rs56741313	7.99360577730113e-13	0	133453208
rs567493	3.33066907387547e-16	0	133318693
rs567898	1.11022302462516e-16	0	133285359
rs568022	1.11022302462516e-16	0	133285403
rs568203	6.55475673738692e-13	0	133276029
rs568975	1.11022302462516e-16	0	133285502
rs56963659	9.32587340685131e-15	0	133483072
rs57050036	5.55111512312578e-16	0	133203523
rs571549	1.11022302462516e-16	0	133354358
rs571780	1.11022302462516e-16	0	133126376
rs572651	1.11022302462516e-16	0	133285897
rs572653	1.11022302462516e-16	0	133285900
rs57322102	2.22044604925031e-16	0	133220065
rs573379	5.99520433297585e-15	0	133338508
rs573663	1.11022302462516e-16	0	133134999
rs573738	1.11022302462516e-16	0	133126607
rs57394597	1.11022302462516e-16	0	133395903
rs574237	1.11022302462516e-16	0	133303338
rs574347	6.55475673738692e-13	0	133260255
rs575795	7.7715611723761e-16	0	133147453
rs576123	0.00174631646042567	0	133268896
rs576303	2.77555756156289e-15	0	133126847
rs578671	1.11022302462516e-16	0	133138392
rs579459	2.88040061691142e-07	0	133278724
rs579912	1.11022302462516e-16	0	133127300
rs58081338	6.55475673738692e-13	0	133252942
rs58138588	2.22044604925031e-16	0	133196644
rs581854	1.11022302462516e-16	0	133097170
rs58272388	1.11022302462516e-16	0	133187024
rs586977	3.33066907387547e-16	0	133059044
rs58881813	4.44089209850063e-16	0	133197560
rs590285	1.11022302462516e-16	0	133111369
rs590485	1.11022302462516e-16	0	133303459
rs590488	1.11022302462516e-16	0	133303468
rs590504	1.11022302462516e-16	0	133059798
rs590819	1.11022302462516e-16	0	133338901
rs590858	1.11022302462516e-16	0	133338938
rs591083	1.11022302462516e-16	0	133094559
rs591790	1.11022302462516e-16	0	133090975
rs592267	1.11022302462516e-16	0	133065586
rs592299	1.11022302462516e-16	0	133303865
rs592514	3.37507799486048e-13	0	133444720
rs592858	1.11022302462516e-16	0	133088346
rs59358281	1.11022302462516e-16	0	133356188
rs59513402	1.11022302462516e-16	0	133186958
rs597132	1.11022302462516e-16	0	133297857
rs597411	1.11022302462516e-16	0	133325787
rs598123	5.55111512312578e-16	0	133137405
rs598127	1.11022302462516e-16	0	133009668
rs59835855	5.55111512312578e-16	0	133203755
rs598499	1.11022302462516e-16	0	133104364
rs599924	1.11022302462516e-16	0	133351736
rs600038	6.69806520026128e-07	0	133276354
rs600252	2.22044604925031e-16	0	133040838
rs600277	1.11022302462516e-16	0	133009218
rs60125511	4.44089209850063e-16	0	133197535
rs602060	1.11022302462516e-16	0	133125058
rs603098	4.44089209850063e-16	0	133041643
rs603328	1.11022302462516e-16	0	133005657
rs60426494	5.55111512312578e-16	0	133200374
rs60484807	1.99840144432528e-15	0	133253080
rs60526253	2.88657986402541e-15	0	133183922
rs605642	1.11022302462516e-16	0	133005082
rs60571346	3.33066907387547e-16	0	133195896
rs605988	1.11022302462516e-16	0	133081415
rs605990	1.11022302462516e-16	0	133081417
rs607751	1.11022302462516e-16	0	133018256
rs607809	1.11022302462516e-16	0	133081840
rs607859	1.11022302462516e-16	0	133297948
rs60806133	1.11022302462516e-16	0	133188743
rs608587	1.11022302462516e-16	0	133105134
rs608604	1.11022302462516e-16	0	133027575
rs60887237	1.11022302462516e-16	0	133026897
rs609202	3.33066907387547e-16	0	133298280
rs610551	1.11022302462516e-16	0	133092838
rs61128016	1.11022302462516e-16	0	133079989
rs61194695	1.11022302462516e-16	0	133187023
rs611983	1.11022302462516e-16	0	133138255
rs61219450	2.22044604925031e-16	0	133220344
rs612716	1.11022302462516e-16	0	133085367
rs613423	6.55475673738692e-13	0	133260074
rs61425378	1.11022302462516e-16	0	133187083
rs614515	1.11022302462516e-16	0	133125563
rs61485428	1.11022302462516e-16	0	133186967
rs615477	1.11022302462516e-16	0	133111630
rs615940	1.11022302462516e-16	0	133132529
rs616154	1.51428314332236e-10	0	133275050
rs616836	1.11022302462516e-16	0	133346666
rs61696148	9.88098491916389e-15	0	133278100
rs61751475	1.11022302462516e-16	0	133361131
rs620312	1.11022302462516e-16	0	133082290
rs621808	1.11022302462516e-16	0	133028238
rs621907	8.65973959207622e-15	0	133341194
rs623179	3.33066907387547e-16	0	133299103
rs623361	1.11022302462516e-16	0	133129312
rs623489	1.11022302462516e-16	0	133028610
rs624601	6.55475673738692e-13	0	133259961
rs624960	1.11022302462516e-16	0	133299476
rs625067	1.11022302462516e-16	0	133138840
rs625186	1.11022302462516e-16	0	133079454
rs625206	1.11022302462516e-16	0	133090953
rs625593	6.55475673738692e-13	0	133259705
rs62574330	1.11022302462516e-16	0	133118087
rs62574353	7.7715611723761e-16	0	133146796
rs62574354	7.7715611723761e-16	0	133147875
rs62574561	2.22044604925031e-16	0	133236118
rs62574563	1.11022302462516e-16	0	133252377
rs62574564	4.44089209850063e-16	0	133252424
rs62574565	6.55475673738692e-13	0	133252872
rs62574567	6.55475673738692e-13	0	133253034
rs62574607	6.66133814775094e-16	0	133282081
rs62574608	1.11022302462516e-16	0	133283693
rs62574610	1.11022302462516e-16	0	133284908
rs62574611	1.11022302462516e-16	0	133284965
rs62574614	3.33066907387547e-16	0	133297606
rs62574615	1.11022302462516e-16	0	133297982
rs62574647	5.55111512312578e-16	0	133301884
rs62574648	1.11022302462516e-16	0	133303140
rs62574649	1.11022302462516e-16	0	133303380
rs62574650	1.11022302462516e-16	0	133303759
rs62574651	1.11022302462516e-16	0	133303824
rs62574652	1.11022302462516e-16	0	133304026
rs62574653	1.11022302462516e-16	0	133304213
rs62574654	1.11022302462516e-16	0	133304327
rs62574655	1.11022302462516e-16	0	133304381
rs62574656	1.11022302462516e-16	0	133305431
rs62574657	1.11022302462516e-16	0	133317477
rs62574658	1.11022302462516e-16	0	133319414
rs62574659	1.11022302462516e-16	0	133322807
rs62575960	1.11022302462516e-16	0	133323002
rs62575961	1.11022302462516e-16	0	133325932
rs62575962	1.11022302462516e-16	0	133326049
rs62575963	6.66133814775094e-16	0	133327169
rs62575992	1.11022302462516e-16	0	133389365
rs62575995	1.11022302462516e-16	0	133403182
rs62576573	1.11022302462516e-16	0	133193075
rs62576575	1.11022302462516e-16	0	133201669
rs62576807	1.11022302462516e-16	0	133093188
rs62576828	1.11022302462516e-16	0	133113651
rs626035	6.55475673738692e-13	0	133259603
rs626365	1.11022302462516e-16	0	133139150
rs626713	1.11022302462516e-16	0	133132601
rs626792	6.55475673738692e-13	0	133259473
rs628094	1.11022302462516e-16	0	133001900
rs628920	1.11022302462516e-16	0	133086698
rs630014	1.13099751786194e-10	0	133274306
rs630288	2.22044604925031e-16	0	133043094
rs633862	2.01058059090542e-11	0	133279871
rs634441	1.11022302462516e-16	0	133015042
rs635634	1.64494230459056e-08	0	133279427
rs635743	1.11022302462516e-16	0	133083504
rs636219	1.11022302462516e-16	0	133029759
rs636221	1.11022302462516e-16	0	133029762
rs636637	1.11022302462516e-16	0	133029868
rs637617	1.11022302462516e-16	0	133300025
rs638756	6.55475673738692e-13	0	133259081
rs638778	1.11022302462516e-16	0	133139653
rs638931	1.11022302462516e-16	0	133029769
rs639257	1.11022302462516e-16	0	133139774
rs639413	1.11022302462516e-16	0	133029882
rs639827	1.11022302462516e-16	0	133107538
rs640122	1.11022302462516e-16	0	133139932
rs640502	1.11022302462516e-16	0	133087012
rs640720	1.11022302462516e-16	0	133059608
rs641943	1.79856129989275e-14	0	133258323
rs641959	1.79856129989275e-14	0	133258308
rs641999	1.11022302462516e-16	0	133101439
rs642059	1.11022302462516e-16	0	133328898
rs642060	1.11022302462516e-16	0	133328900
rs642125	1.11022302462516e-16	0	133328939
rs642440	1.11022302462516e-16	0	133060007
rs643146	1.11022302462516e-16	0	133087624
rs645302	1.11022302462516e-16	0	133094152
rs645736	1.11022302462516e-16	0	133057557
rs645841	2.22044604925031e-16	0	133055348
rs647172	1.53876911213047e-13	0	133439111
rs649168	1.11022302462516e-16	0	133030314
rs649324	1.11022302462516e-16	0	133013983
rs650066	1.11022302462516e-16	0	133130728
rs650627	1.11022302462516e-16	0	133030670
rs651007	2.88040061691142e-07	0	133278431
rs651453	1.11022302462516e-16	0	133155071
rs652600	1.11022302462516e-16	0	133445896
rs654944	1.11022302462516e-16	0	133285409
rs655834	1.11022302462516e-16	0	133024188
rs655911	1.11022302462516e-16	0	133447776
rs656105	1.11022302462516e-16	0	133301911
rs658517	1.11022302462516e-16	0	133355635
rs658853	1.11022302462516e-16	0	133133804
rs658883	1.11022302462516e-16	0	133088781
rs6597597	3.33066907387547e-16	0	133039611
rs6597598	1.11022302462516e-16	0	133076933
rs6597600	1.11022302462516e-16	0	133144643
rs6597601	1.11022302462516e-16	0	133144672
rs6597602	1.11022302462516e-16	0	133147842
rs6597603	1.11022302462516e-15	0	133168310
rs6597604	1.48769885299771e-14	0	133174393
rs6597606	2.64233079860787e-14	0	133182563
rs6597607	4.44089209850063e-16	0	133182955
rs6597608	1.11022302462516e-16	0	133206004
rs6597609	1.11022302462516e-16	0	133206079
rs6597610	1.11022302462516e-16	0	133215709
rs6597613	1.88737914186277e-15	0	133245603
rs6597614	3.33066907387547e-16	0	133245627
rs6597615	1.33226762955019e-15	0	133247319
rs6597616	1.11022302462516e-16	0	133247439
rs6597617	1.11022302462516e-16	0	133247440
rs6597618	1.11022302462516e-15	0	133248353
rs6597629	1.11022302462516e-16	0	133405717
rs6597630	1.11022302462516e-16	0	133414815
rs6597631	1.11022302462516e-16	0	133490061
rs661375	1.11022302462516e-16	0	133013624
rs663367	4.50750547997814e-13	0	133278007
rs665741	1.53876911213047e-13	0	133439891
rs667990	1.11022302462516e-16	0	133109267
rs668809	1.11022302462516e-16	0	133061291
rs669124	1.11022302462516e-16	0	133023517
rs669690	1.11022302462516e-16	0	133092627
rs669791	1.11022302462516e-16	0	133092699
rs671050	1.11022302462516e-16	0	133126579
rs671410	9.86211112774527e-13	0	133446558
rs671537	1.11022302462516e-16	0	133337474
rs672316	1.79856129989275e-14	0	133262722
rs673057	1.11022302462516e-16	0	133089650
rs673109	1.11022302462516e-16	0	133134790
rs67318122	8.88178419700125e-16	0	133283965
rs673578	1.79856129989275e-14	0	133262454
rs674908	2.22044604925031e-16	0	133060063
rs675167	2.22044604925031e-16	0	133038096
rs675801	1.11022302462516e-16	0	133096337
rs678236	1.11022302462516e-16	0	133317904
rs679779	1.11022302462516e-16	0	133086422
rs68011680	2.22044604925031e-16	0	133466159
rs680220	3.33066907387547e-16	0	133086515
rs68032997	4.66293670342566e-15	0	133286683
rs680762	2.22044604925031e-16	0	133039527
rs682340	1.11022302462516e-16	0	133022857
rs682403	1.11022302462516e-16	0	133093170
rs682437	1.11022302462516e-16	0	133007391
rs683236	1.11022302462516e-16	0	133283689
rs683237	1.11022302462516e-16	0	133022675
rs685959	1.11022302462516e-16	0	133079784
rs686024	1.11022302462516e-16	0	133021349
rs686246	1.11022302462516e-16	0	133090275
rs686268	2.22044604925031e-16	0	133046252
rs686346	1.11022302462516e-16	0	133102991
rs686403	1.11022302462516e-16	0	133094032
rs687248	1.11022302462516e-16	0	133087640
rs687317	1.11022302462516e-16	0	133083625
rs687340	1.11022302462516e-16	0	133021623
rs687555	1.11022302462516e-16	0	133090572
rs687753	1.11022302462516e-16	0	133080209
rs687763	1.11022302462516e-16	0	133063171
rs688045	1.11022302462516e-16	0	133135789
rs689266	2.22044604925031e-16	0	133038965
rs694388	1.11022302462516e-16	0	133082065
rs694881	1.11022302462516e-16	0	133102766
rs7019098	1.11022302462516e-16	0	133119573
rs7019683	1.11022302462516e-16	0	133348787
rs7020407	1.11022302462516e-16	0	133143998
rs7020432	8.88178419700125e-16	0	133290122
rs7021235	1.11022302462516e-16	0	133014192
rs7022409	1.11022302462516e-15	0	133167883
rs7022543	1.11022302462516e-15	0	133167984
rs7022583	7.7715611723761e-16	0	133147666
rs7022688	1.11022302462516e-15	0	133168083
rs7022841	1.11022302462516e-16	0	133126709
rs7023066	1.11022302462516e-16	0	133215442
rs7023365	1.11022302462516e-16	0	133097020
rs7025162	1.11022302462516e-15	0	133290774
rs7025810	1.11022302462516e-16	0	133493537
rs7025839	1.11022302462516e-16	0	133248803
rs7025970	1.11022302462516e-16	0	133402044
rs7026443	1.11022302462516e-16	0	133490272
rs7027376	1.11022302462516e-16	0	133490302
rs7027651	1.11022302462516e-16	0	133365561
rs7027827	2.22044604925031e-16	0	133156531
rs7028247	2.22044604925031e-16	0	133194097
rs7028259	2.22044604925031e-16	0	133186261
rs7028269	2.22044604925031e-16	0	133170180
rs7029256	1.11022302462516e-16	0	133398528
rs7029386	1.11022302462516e-16	0	133398609
rs7030248	1.11022302462516e-16	0	133279786
rs7031883	1.11022302462516e-16	0	133411399
rs7032021	1.11022302462516e-16	0	133411481
rs7032208	2.22044604925031e-16	0	133180372
rs7032317	3.33066907387547e-16	0	133004069
rs7032488	7.7715611723761e-16	0	133146912
rs7032754	1.11022302462516e-16	0	133210090
rs7032782	1.11022302462516e-16	0	133479446
rs7033492	6.99440505513849e-15	0	133165599
rs7033553	1.11022302462516e-15	0	133168084
rs7034230	1.11022302462516e-15	0	133167970
rs7034353	1.88737914186277e-15	0	133243353
rs7034359	2.22044604925031e-16	0	133000231
rs7034376	2.22044604925031e-16	0	133000264
rs7034469	2.22044604925031e-16	0	133000321
rs7034706	1.88737914186277e-15	0	133243592
rs7035521	1.11022302462516e-16	0	133193000
rs7035653	1.11022302462516e-16	0	133193103
rs7035838	1.11022302462516e-16	0	133027948
rs7036096	1.11022302462516e-16	0	133123236
rs7036324	3.33066907387547e-16	0	133241372
rs7036819	5.55111512312578e-16	0	133202131
rs7037765	1.11022302462516e-16	0	133141450
rs7039251	1.11022302462516e-16	0	133025870
rs7039497	3.33066907387547e-16	0	133194544
rs7039980	1.11022302462516e-16	0	133026378
rs7040564	1.11022302462516e-16	0	133164549
rs7040821	1.11022302462516e-16	0	133398457
rs7042326	1.11022302462516e-16	0	133401507
rs7043501	9.99200722162641e-16	0	133238680
rs7043707	1.11022302462516e-16	0	133225511
rs7043853	1.88737914186277e-15	0	133246265
rs7044003	1.11022302462516e-16	0	133077042
rs7044125	2.22044604925031e-16	0	133239184
rs7044265	7.7715611723761e-16	0	133145306
rs7044998	2.22044604925031e-16	0	133000286
rs7045111	1.88737914186277e-15	0	133243479
rs7045909	1.88737914186277e-15	0	133243413
rs7046863	1.88737914186277e-15	0	133246054
rs7047076	1.11022302462516e-16	0	133249942
rs7047178	4.44089209850063e-16	0	133186082
rs7048647	1.88737914186277e-15	0	133243841
rs71483207	1.11022302462516e-16	0	133393575
rs71503172	1.11022302462516e-16	0	133088778
rs71503174	6.32827124036339e-15	0	133170099
rs71503180	2.22044604925031e-16	0	133231587
rs71503185	1.11022302462516e-16	0	133351226
rs71503186	1.11022302462516e-16	0	133357957
rs71503187	1.11022302462516e-16	0	133361351
rs71503189	1.11022302462516e-16	0	133413692
rs71503190	1.11022302462516e-16	0	133413712
rs71503191	1.11022302462516e-16	0	133419614
rs71503192	1.11022302462516e-16	0	133420053
rs71503193	1.11022302462516e-16	0	133420061
rs71503194	1.11022302462516e-16	0	133433011
rs71503199	1.11022302462516e-16	0	133453174
rs71503201	1.11022302462516e-16	0	133469764
rs71505203	1.11022302462516e-16	0	133482927
rs72775410	1.11022302462516e-16	0	133248927
rs72775473	1.11022302462516e-16	0	133303623
rs72775479	1.11022302462516e-16	0	133307219
rs72775480	1.11022302462516e-16	0	133316986
rs72775494	1.11022302462516e-16	0	133385241
rs72779205	1.49880108324396e-14	0	133430501
rs72779210	1.11022302462516e-16	0	133434600
rs72779217	1.11022302462516e-16	0	133446758
rs72779218	1.11022302462516e-16	0	133447248
rs72779221	1.11022302462516e-16	0	133472609
rs72779222	1.11022302462516e-16	0	133482710
rs7324	1.11022302462516e-16	0	133058374
rs73550898	9.32587340685131e-15	0	133483631
rs73550902	1.11022302462516e-16	0	133484506
rs73553517	1.88737914186277e-15	0	133494394
rs73553519	1.88737914186277e-15	0	133494477
rs73554597	1.11022302462516e-16	0	133004885
rs73554600	1.11022302462516e-16	0	133005037
rs73560458	1.11022302462516e-16	0	133187562
rs73560461	1.11022302462516e-16	0	133187590
rs73560464	1.11022302462516e-16	0	133187776
rs73560468	1.11022302462516e-16	0	133187819
rs73560470	1.11022302462516e-16	0	133187897
rs73560472	1.11022302462516e-16	0	133187908
rs73560473	1.11022302462516e-16	0	133187993
rs73560475	1.11022302462516e-16	0	133188290
rs7357661	1.11022302462516e-16	0	133303925
rs736417	2.22044604925031e-16	0	133493963
rs736418	1.11022302462516e-15	0	133494060
rs73660593	1.11022302462516e-16	0	133004940
rs73662421	3.33066907387547e-16	0	133051606
rs7390294	1.11022302462516e-16	0	133227559
rs7390546	1.11022302462516e-16	0	133227366
rs739467	7.99360577730113e-13	0	133461432
rs739468	2.32875496664064e-10	0	133461126
rs739469	1.01607611213694e-12	0	133433609
rs74311587	1.11022302462516e-16	0	133006022
rs74486859	2.22044604925031e-16	0	133077447
rs74498175	4.44089209850063e-16	0	133200020
rs74538790	1.11022302462516e-16	0	133348656
rs74605569	5.55111512312578e-16	0	133204693
rs74612091	1.11022302462516e-16	0	133001891
rs7466151	2.22044604925031e-16	0	133240301
rs7466962	1.11022302462516e-16	0	133241728
rs7466988	4.44089209850063e-16	0	133241661
rs7467847	1.11022302462516e-16	0	133239848
rs7468115	2.22044604925031e-16	0	133240276
rs7469576	4.44089209850063e-16	0	133242577
rs7470777	1.11022302462516e-16	0	133239789
rs74715985	1.11022302462516e-16	0	133438993
rs74875065	1.11022302462516e-16	0	133020255
rs74921353	2.22044604925031e-16	0	133292824
rs75012220	1.11022302462516e-16	0	133387683
rs75071805	4.44089209850063e-16	0	133192164
rs75114000	1.11022302462516e-16	0	133326709
rs75179845	1.11022302462516e-16	0	133257567
rs75292951	2.22044604925031e-16	0	133220730
rs75305750	1.11022302462516e-16	0	133107546
rs75340988	2.22044604925031e-16	0	133466061
rs75444660	1.11022302462516e-16	0	133307079
rs75462257	5.55111512312578e-16	0	133200618
rs75558026	1.16573417585641e-14	0	133180892
rs75606741	5.55111512312578e-16	0	133201662
rs756700	4.44089209850063e-16	0	133493915
rs75685923	2.22044604925031e-16	0	133410109
rs75973907	2.22044604925031e-16	0	133212747
rs76005815	1.11022302462516e-16	0	133187663
rs76038546	1.11022302462516e-16	0	133480756
rs76096071	1.11022302462516e-16	0	133322034
rs76123860	1.16573417585641e-14	0	133181110
rs76238963	1.48947520983711e-11	0	133404452
rs76278060	1.11022302462516e-16	0	133187743
rs76318526	1.11022302462516e-16	0	133187470
rs76324624	1.11022302462516e-16	0	133166068
rs76402072	1.11022302462516e-16	0	133038142
rs76474909	1.11022302462516e-16	0	133497550
rs76556605	1.11022302462516e-16	0	133348464
rs76643124	1.11022302462516e-16	0	133491326
rs76663184	5.44009282066327e-15	0	133247185
rs76700116	1.11022302462516e-16	0	133251112
rs76782059	1.11022302462516e-16	0	133213758
rs76832424	1.11022302462516e-16	0	133102199
rs76896860	1.11022302462516e-16	0	133329338
rs76942464	1.11022302462516e-16	0	133373581
rs77013313	1.11022302462516e-16	0	133297985
rs77132496	1.11022302462516e-16	0	133096202
rs77236853	1.11022302462516e-16	0	133226246
rs77311079	1.11022302462516e-16	0	133291606
rs77375229	5.55111512312578e-16	0	133201040
rs77425098	5.55111512312578e-16	0	133201668
rs77507251	1.11022302462516e-16	0	133220523
rs77527727	1.11022302462516e-16	0	133325633
rs77533110	1.11022302462516e-16	0	133421669
rs77607486	1.11022302462516e-16	0	133063483
rs77638329	1.11022302462516e-16	0	133408025
rs77643237	1.11022302462516e-16	0	133013823
rs77693339	3.33066907387547e-16	0	133253171
rs77784601	1.11022302462516e-16	0	133016955
rs77812622	1.11022302462516e-16	0	133357298
rs77926044	9.99200722162641e-14	0	133399920
rs78063416	1.11022302462516e-16	0	133030719
rs78338045	1.11022302462516e-16	0	133151019
rs78402520	1.11022302462516e-16	0	133010989
rs78433526	1.11022302462516e-16	0	133236642
rs7846980	1.11022302462516e-16	0	133015840
rs78475394	6.28407326175306e-11	0	133272816
rs7847968	1.11022302462516e-16	0	133296804
rs7848366	2.22044604925031e-16	0	133302478
rs7849887	3.77475828372553e-15	0	133167395
rs7850541	2.22044604925031e-16	0	133175167
rs78513537	4.44089209850063e-16	0	133199478
rs7852396	1.11022302462516e-16	0	133233283
rs7852667	1.11022302462516e-16	0	133034941
rs7852803	1.11022302462516e-16	0	133379032
rs7853822	1.11022302462516e-16	0	133160987
rs7853989	1.77635683940025e-15	0	133256205
rs7854638	1.11022302462516e-16	0	133160920
rs7855255	1.77635683940025e-15	0	133256508
rs7855466	3.33066907387547e-16	0	133245916
rs7855713	1.11022302462516e-16	0	133237354
rs7855969	1.11022302462516e-16	0	133224133
rs7857017	1.11022302462516e-16	0	133405977
rs7857390	8.06987809909288e-12	0	133253159
rs78578156	1.11022302462516e-15	0	133002624
rs7858604	1.11022302462516e-16	0	133213255
rs78590974	1.11022302462516e-16	0	133280657
rs7859913	5.55111512312578e-16	0	133295977
rs7860182	1.11022302462516e-16	0	133282754
rs78602133	1.11022302462516e-16	0	133482398
rs7862461	1.11022302462516e-15	0	133168629
rs7863758	1.11022302462516e-16	0	133053813
rs7864157	2.55351295663786e-15	0	133492803
rs7864287	1.11022302462516e-16	0	133144516
rs7864821	1.11022302462516e-16	0	133211529
rs7865196	1.11022302462516e-16	0	133022944
rs7867220	5.55111512312578e-16	0	133281947
rs7867322	1.11022302462516e-16	0	133144519
rs7867359	5.55111512312578e-16	0	133282083
rs7867739	5.55111512312578e-16	0	133282351
rs7868232	7.7715611723761e-16	0	133166877
rs7869054	1.11022302462516e-16	0	133237402
rs7869258	1.33226762955019e-15	0	133295160
rs7869570	1.11022302462516e-16	0	133160916
rs7870707	1.11022302462516e-16	0	133342469
rs78711238	2.22044604925031e-16	0	133341592
rs78712826	1.11022302462516e-16	0	133197956
rs7871618	1.53876911213047e-13	0	133427610
rs7872815	1.11022302462516e-16	0	133424110
rs7873416	3.33066907387547e-16	0	133256459
rs7873522	3.33066907387547e-16	0	133256518
rs7873634	3.33066907387547e-16	0	133256623
rs7873635	2.33913999281299e-11	0	133256625
rs7873892	5.55111512312578e-16	0	133208714
rs7875786	3.21964677141295e-15	0	133488541
rs78883179	1.11022302462516e-16	0	133374947
rs79030145	1.11022302462516e-16	0	133476654
rs79135817	1.11022302462516e-16	0	133484521
rs79147081	1.11022302462516e-16	0	133494663
rs79158370	1.11022302462516e-15	0	133306763
rs79181318	5.55111512312578e-16	0	133204098
rs79198796	1.11022302462516e-16	0	133177723
rs79239330	5.55111512312578e-16	0	133200740
rs79269081	1.11022302462516e-16	0	133305648
rs79318397	1.11022302462516e-16	0	133000181
rs79473315	3.33066907387547e-16	0	133497560
rs79518626	1.11022302462516e-16	0	133321580
rs79697115	1.11022302462516e-16	0	133126964
rs79829688	1.11022302462516e-16	0	133182444
rs79887149	1.11022302462516e-16	0	133491874
rs79918022	1.33226762955019e-15	0	133493082
rs80078104	3.33066907387547e-16	0	133196205
rs80166742	5.55111512312578e-16	0	133204208
rs80216155	5.55111512312578e-16	0	133202308
rs80271436	1.11022302462516e-16	0	133022383
rs804165	1.11022302462516e-16	0	133028879
rs804166	1.11022302462516e-16	0	133028953
rs804326	1.11022302462516e-16	0	133136646
rs813045	1.11022302462516e-16	0	133092980
rs8176630	8.10462807976364e-15	0	133277270
rs8176632	4.10782519111308e-15	0	133277095
rs8176633	7.54951656745106e-15	0	133276902
rs8176634	7.54951656745106e-15	0	133276618
rs8176635	1.11022302462516e-16	0	133276557
rs8176645	0.193355993847352	1	133273682
rs8176690	5.27466958999412e-13	0	133262914
rs8176691	2.33913999281299e-11	0	133262826
rs8176693	3.33066907387547e-16	0	133262254
rs8176694	2.74225087082414e-14	0	133262243
rs8176707	4.9960036108132e-15	0	133259717
rs8176714	3.38395977905748e-13	0	133257791
rs8176715	4.52771153902631e-12	0	133257761
rs8176717	6.55475673738692e-13	0	133257647
rs8176718	6.55475673738692e-13	0	133257570
rs8176720	3.33066907387547e-16	0	133257486
rs8176722	1.77635683940025e-15	0	133257367
rs8176725	1.77635683940025e-15	0	133257230
rs8176727	6.55475673738692e-13	0	133257183
rs8176728	6.55475673738692e-13	0	133257174
rs8176730	1.77635683940025e-15	0	133257138
rs8176731	3.33066907387547e-16	0	133256963
rs8176732	6.55475673738692e-13	0	133256916
rs8176733	1.77635683940025e-15	0	133256781
rs8176734	2.61235477694299e-13	0	133256692
rs8176736	6.55475673738692e-13	0	133256398
rs8176737	6.55475673738692e-13	0	133256396
rs8176739	1.11022302462516e-16	0	133256136
rs8176740	6.55475673738692e-13	0	133256085
rs8176741	3.33066907387547e-16	0	133256074
rs8176742	6.55475673738692e-13	0	133256050
rs8176743	3.33066907387547e-16	0	133256028
rs8176744	1.11022302462516e-16	0	133255963
rs8176745	6.55475673738692e-13	0	133255960
rs8176746	3.33066907387547e-16	0	133255935
rs8176747	3.33066907387547e-16	0	133255928
rs8176748	6.55475673738692e-13	0	133255902
rs8176749	3.33066907387547e-16	0	133255801
rs8176751	1.77635683940025e-15	0	133255635
rs8176759	3.33066907387547e-16	0	133254260
rs8181039	1.11022302462516e-16	0	133388143
rs8181069	1.11022302462516e-16	0	133387172
rs8193012	1.11022302462516e-16	0	133008176
rs8193013	1.11022302462516e-16	0	133008194
rs8193016	1.11022302462516e-16	0	133042357
rs8193017	1.11022302462516e-16	0	133055402
rs8193019	2.22044604925031e-16	0	133064589
rs877560	1.11022302462516e-16	0	133330295
rs878857746	1.11022302462516e-16	0	133309720
rs878880717	1.11022302462516e-16	0	133308534
rs878904399	1.11022302462516e-16	0	133309565
rs878917516	1.11022302462516e-16	0	133309713
rs878924259	1.11022302462516e-16	0	133308775
rs878955936	1.11022302462516e-16	0	133307967
rs878959137	1.11022302462516e-16	0	133308465
rs878963105	1.11022302462516e-16	0	133310903
rs879004591	1.11022302462516e-16	0	133310805
rs879026177	1.11022302462516e-16	0	133315470
rs879042113	1.11022302462516e-16	0	133309197
rs879042856	1.11022302462516e-16	0	133309386
rs879055593	1.69982580672245e-05	0	133271182
rs879068732	1.11022302462516e-16	0	133308519
rs879087449	1.11022302462516e-16	0	133308043
rs879132334	1.11022302462516e-16	0	133307737
rs879140221	9.99200722162641e-16	0	133309968
rs879147920	1.11022302462516e-16	0	133310703
rs879156595	1.11022302462516e-16	0	133307937
rs879161622	1.11022302462516e-16	0	133309741
rs879165753	1.11022302462516e-16	0	133309743
rs879191790	1.11022302462516e-16	0	133309275
rs879209332	1.11022302462516e-16	0	133307941
rs879214947	1.11022302462516e-16	0	133308461
rs886017	1.11022302462516e-16	0	133098713
rs886082	1.11022302462516e-16	0	133226612
rs886089	1.11022302462516e-16	0	133332630
rs886090	1.11022302462516e-16	0	133332667
rs888017556	0.00174631646042567	0	133269828
rs888176658	3.69704267200177e-14	0	133264291
rs888238929	2.33913999281299e-11	0	133271597
rs889291987	5.55111512312578e-16	0	133263980
rs890495768	6.28407326175306e-11	0	133272408
rs891364023	3.33066907387547e-16	0	133266772
rs891811875	5.55111512312578e-16	0	133262534
rs895541640	0.00174631646042567	0	133267960
rs898467998	2.33913999281299e-11	0	133260743
rs904483920	1.55431223447522e-15	0	133269181
rs910906713	8.88178419700125e-16	0	133260148
rs912805253	0.00344349996852955	0	133274084
rs913568054	1.79856129989275e-14	0	133271505
rs916588313	5.55111512312578e-16	0	133266926
rs920065566	0.00344349996852955	0	133273813
rs923313538	5.55111512312578e-16	0	133264186
rs923383567	0.108999811176696	1	133263862
rs923920889	5.55111512312578e-16	0	133273350
rs924775147	2.33913999281299e-11	0	133268647
rs929176	1.11022302462516e-16	0	133090535
rs929177	1.11022302462516e-16	0	133090554
rs9328545	1.88737914186277e-15	0	133244004
rs936027478	0.108999811176696	1	133269706
rs936800087	5.55111512312578e-16	0	133263992
rs938278406	1.79856129989275e-14	0	133265051
rs940736803	2.22044604925031e-16	0	133263835
rs9411363	1.11022302462516e-16	0	133164011
rs9411364	3.33066907387547e-16	0	133242836
rs9411365	1.11022302462516e-16	0	133242881
rs9411367	1.22124532708767e-15	0	133243126
rs9411368	1.33226762955019e-15	0	133243302
rs9411369	1.88737914186277e-15	0	133244390
rs9411370	1.11022302462516e-16	0	133249045
rs9411381	4.55191440096314e-15	0	133280494
rs9411382	1.11022302462516e-16	0	133285702
rs9411391	1.11022302462516e-16	0	133300344
rs9411392	1.11022302462516e-16	0	133300359
rs9411393	1.11022302462516e-16	0	133300635
rs9411394	1.11022302462516e-16	0	133306995
rs9411395	8.13016320933002e-13	0	133317947
rs9411396	5.55111512312578e-16	0	133320816
rs9411397	2.22044604925031e-16	0	133321378
rs9411402	1.11022302462516e-16	0	133411772
rs9411460	1.11022302462516e-16	0	133157200
rs9411461	1.66089364483923e-13	0	133165340
rs9411462	1.11022302462516e-16	0	133205029
rs9411463	1.11022302462516e-16	0	133230128
rs9411464	1.11022302462516e-16	0	133233778
rs9411465	2.22044604925031e-16	0	133242793
rs9411466	2.22044604925031e-16	0	133242941
rs9411467	1.88737914186277e-15	0	133244422
rs9411468	1.88737914186277e-15	0	133244501
rs9411469	1.88737914186277e-15	0	133244579
rs9411471	1.88737914186277e-15	0	133244704
rs9411472	3.33066907387547e-16	0	133246866
rs9411473	1.11022302462516e-16	0	133249012
rs9411474	1.11022302462516e-16	0	133250329
rs9411475	5.55111512312578e-16	0	133251881
rs9411490	4.77395900588817e-15	0	133279841
rs9411491	4.55191440096314e-15	0	133280442
rs9411492	2.22044604925031e-16	0	133285044
rs9411493	1.11022302462516e-16	0	133286279
rs9411500	1.11022302462516e-16	0	133296614
rs9411501	1.11022302462516e-16	0	133296761
rs9411504	1.11022302462516e-16	0	133306190
rs9411507	1.11022302462516e-16	0	133318242
rs9411508	1.77635683940025e-15	0	133320784
rs943623	2.22044604925031e-16	0	133402242
rs947073006	3.65460864903966e-08	0	133274414
rs947479420	5.27466958999412e-13	0	133261730
rs950088295	0.00174631646042567	0	133270061
rs950529388	0.00174631646042567	0	133261662
rs951347446	0.108999811176696	1	133267800
rs951754141	0.00174631646042567	0	133269582
rs954790319	0.00174631646042567	0	133271745
rs955218773	6.28407326175306e-11	0	133272994
rs955548525	6.55475673738692e-13	0	133260793
rs956608305	0.00174631646042567	0	133270565
rs959021735	6.28407326175306e-11	0	133272287
rs959057005	5.55111512312578e-16	0	133272573
rs962661120	6.28407326175306e-11	0	133272953
rs962920871	6.55475673738692e-13	0	133265724
rs964008862	0.00174631646042567	0	133266790
rs9645009	1.11022302462516e-16	0	133344393
rs9645010	1.11022302462516e-16	0	133344567
rs966807586	2.33913999281299e-11	0	133271880
rs967652782	1.11022302462516e-16	0	133261370
rs975381715	0.00174631646042567	0	133261703
rs977327222	3.33066907387547e-16	0	133273734
rs977371848	3.65460864903966e-08	0	133266456
rs979168235	5.55111512312578e-16	0	133262197
rs979726990	0.00174631646042567	0	133269015
rs979976834	1.11022302462516e-16	0	133274963
rs983670195	5.55111512312578e-16	0	133262671
rs984422784	5.55111512312578e-16	0	133263575
rs985832492	1.11022302462516e-16	0	133277142
rs986238982	6.55475673738692e-13	0	133264214
rs989540848	5.55111512312578e-16	0	133264430
rs989905020	0.108999811176696	1	133266804
rs990434588	3.47750161999727e-09	0	133272585
rs991061150	5.55111512312578e-16	0	133265058
rs9919006	1.11022302462516e-16	0	133244106
rs9919007	1.88737914186277e-15	0	133244140
rs9919064	1.11022302462516e-16	0	133245575
rs992108547	3.65460864903966e-08	0	133273983
rs992886372	5.55111512312578e-16	0	133262238
rs994222095	6.28407326175306e-11	0	133273232
rs9942933	6.66133814775094e-16	0	133003633
rs994625432	5.55111512312578e-16	0	133268507
rs994718904	6.7046366967527e-05	0	133268030
rs996065572	6.55475673738692e-13	0	133269122
