Ind	PC1	PC2	PC3	PC4	PC5	PC6	PC7	PC8	PC9	PC10	pop	superpop
GTEX-13NZ9	-4.40962	-6.22831	-11.854	5.91215	-12.1548	-5.89081	7.59597	-15.4743	-1.23427	1.62852	GTEX-13NZ9	GTEX
GTEX-1C4CL	-11.5755	3.43436	-11.4101	-1.16867	1.38059	-9.42587	3.29183	-12.9822	-4.0409	6.38951	GTEX-1C4CL	GTEX
GTEX-1CAMS	20.9995	-0.861402	-5.26779	-6.49054	12.0162	-1.75557	-18.9197	-2.61447	-8.67788	2.78729	GTEX-1CAMS	GTEX
GTEX-1KAFJ	-9.67947	1.49751	-1.49113	-3.55792	17.0159	1.45275	-10.5732	2.43199	-3.34693	-14.2973	GTEX-1KAFJ	GTEX
GTEX-1LVAN	-15.5907	7.36461	3.15236	-2.90769	-3.69559	8.05916	5.10168	-6.72849	2.57355	5.04355	GTEX-1LVAN	GTEX
GTEX-QLQ7	-0.816374	-3.47412	5.13323	-15.0407	-1.3389	8.47785	-6.28089	1.9068	-24.6676	3.00587	GTEX-QLQ7	GTEX
GTEX-RU72	18.023	-3.51427	-7.37903	18.5766	-3.4608	-3.60153	-13.6591	4.93659	-7.03873	-1.76319	GTEX-RU72	GTEX
GTEX-ZYW4	-8.23355	-1.81596	-1.1152	-11.1246	1.55736	-9.13473	-7.1021	-6.647	-4.37085	-0.558677	GTEX-ZYW4	GTEX
GTOP-AJ141	-0.161618	-5.58945	3.10193	2.3711	0.449585	-7.46582	-6.08534	1.02965	-8.24509	4.7105	GTOP	GTOP
GTOP-AJ142	-8.19414	-3.05646	4.84674	-6.53643	-3.17506	8.15867	-7.88488	-7.71373	3.51383	-9.58043	GTOP	GTOP
GTOP-AJ211	-2.44709	-6.55524	2.80758	9.27502	-6.59268	-3.39054	-1.15597	0.836541	-3.03024	-6.45109	GTOP	GTOP
GTOP-AJ221	-0.387502	-4.55851	5.642	13.4852	-8.08898	-3.74013	-4.66718	0.465687	-4.85974	-0.5679	GTOP	GTOP
GTOP-AJ231	-3.66918	-7.2619	-4.24038	3.08318	3.0403	2.25728	-7.06937	-6.24215	11.3543	0.323336	GTOP	GTOP
GTOP-AK091	1.25706	-8.3562	5.11626	-2.44518	1.42727	-5.66979	1.58311	-10.7271	3.37031	-3.79465	GTOP	GTOP
GTOP-AK092	2.69994	-12.5911	-0.124822	-7.06893	-7.56379	-13.0175	-8.22416	4.81046	-8.4537	-13.7729	GTOP	GTOP
GTOP-AK111	-5.90679	-3.39812	6.78926	-6.6277	-5.71394	12.345	1.0286	5.0089	-4.67423	-7.27089	GTOP	GTOP
GTOP-AK112	0.741385	-3.82904	-9.33628	1.45835	2.71276	-2.33557	-11.6246	-6.77366	5.85253	5.72277	GTOP	GTOP
GTOP-AK221	0.887763	-8.89994	8.27869	-0.401715	-9.08245	-9.76735	-7.68966	0.915404	9.69712	-4.73334	GTOP	GTOP
GTOP-AK231	-2.64256	-4.27418	3.02658	0.720997	-8.47066	-0.0470889	-19.1384	-0.90357	5.56081	-4.56478	GTOP	GTOP
GTOP-AK281	-0.641099	-3.49462	5.02304	8.81367	3.75296	6.08196	-5.84335	1.89738	9.72431	4.64105	GTOP	GTOP
GTOP-AL091	1.18312	-12.9547	4.66217	6.11628	-2.27103	-2.27496	5.22565	-4.91983	-2.99353	4.65973	GTOP	GTOP
GTOP-AL121	1.15952	-4.9931	8.20626	11.277	10.7028	8.88256	1.00876	-13.3243	3.19571	13.4418	GTOP	GTOP
GTOP-AL271	11.1079	-15.9821	-4.54482	-10.5775	-2.2874	-15.4661	-4.49509	-2.8778	-9.54278	-1.27314	GTOP	GTOP
GTOP-BA041	-0.14437	-8.65216	4.64613	-0.953731	8.32385	4.95729	10.6286	-5.5709	3.96416	-1.23292	GTOP	GTOP
GTOP-BA081	2.13077	-11.4676	5.09093	4.74597	-15.3889	-0.325966	8.54468	-9.38702	-1.42231	-7.06766	GTOP	GTOP
GTOP-BA082	-3.52297	-7.20374	7.68587	-0.555834	1.33839	2.56405	1.7458	-6.81013	-4.99618	8.45829	GTOP	GTOP
GTOP-BA091	3.25586	-9.48989	6.42349	10.0449	-1.39852	-9.39	7.70691	-3.60909	-8.01876	4.60383	GTOP	GTOP
GTOP-BA101	0.307775	-11.5309	7.41697	14.7363	-0.446641	8.71783	0.148111	5.60066	-11.1837	-10.2769	GTOP	GTOP
GTOP-BA102	4.12976	-10.7513	6.32068	-7.70097	1.69306	-2.89445	-7.94681	7.11133	-2.59464	0.277595	GTOP	GTOP
GTOP-BA131	2.46541	-7.07398	-3.34178	-2.41803	1.55682	0.404696	8.14177	2.01849	15.6121	-3.49446	GTOP	GTOP
GTOP-BA132	0.632316	-6.89136	8.67321	3.89975	-1.83514	-8.85982	1.8584	2.15721	1.69591	-3.39266	GTOP	GTOP
GTOP-BA181	0.789119	-11.2698	1.17674	-4.54049	-7.04542	-2.01314	-7.26685	-10.3927	8.60933	-5.18116	GTOP	GTOP
GTOP-BA191	-1.66202	-13.2867	-8.80742	-0.381189	-5.56232	5.27902	-4.44996	0.955589	8.36795	-11.448	GTOP	GTOP
GTOP-BA211	2.07204	-10.1313	-0.366806	2.1298	-0.987468	1.30854	14.6738	7.46869	1.82163	-2.75791	GTOP	GTOP
GTOP-BA231	-1.61466	-8.86092	5.57308	-3.94726	3.52089	2.86278	4.17288	-13.6752	-5.23947	-8.65801	GTOP	GTOP
GTOP-BA232	-3.07085	-8.20933	1.8121	-1.21047	-5.36317	-5.892	-9.544	16.8714	13.6541	-3.29452	GTOP	GTOP
GTOP-BA251	-0.204757	-8.0823	6.13287	0.327293	-6.37896	-7.48778	-0.614043	-6.88011	10.4502	-4.62348	GTOP	GTOP
GTOP-BB011	-0.309504	-9.57699	4.13644	19.6581	-7.1424	-0.889998	-3.59501	4.80575	0.636562	3.10356	GTOP	GTOP
GTOP-BB201	-2.03431	-7.21601	-1.29767	-6.70567	-9.87576	-3.39679	17.1782	-14.1768	9.26615	-6.69011	GTOP	GTOP
GTOP-BB202	-1.63513	-8.83418	3.34718	-12.4564	-0.868693	6.81648	-8.39698	-7.14283	-1.27849	-8.6725	GTOP	GTOP
GTOP-BB211	-3.56545	-7.90096	-9.03701	7.54477	-7.50798	6.12207	0.391945	1.15513	-2.70272	-2.66166	GTOP	GTOP
GTOP-BB251	3.17916	-10.0949	1.83796	-3.09554	-1.80492	-12.8921	-9.63087	-2.40606	-7.48399	0.0219564	GTOP	GTOP
GTOP-BB261	-2.28316	-8.52473	0.591556	-6.94819	-1.71679	-2.55439	1.85059	-15.2875	6.1651	7.95885	GTOP	GTOP
GTOP-BC041	2.18222	-11.9337	1.59327	-16.4947	-7.74653	1.0828	-7.53382	1.46946	-2.60014	-10.9665	GTOP	GTOP
GTOP-BC061	-10.7578	-5.25996	6.06045	5.27301	18.3702	1.07901	2.31025	-19.0526	13.1057	3.6747	GTOP	GTOP
GTOP-BC161	4.68544	-9.40674	11.8424	0.0252953	-2.75588	-2.07605	1.79184	2.06735	-2.5136	2.44153	GTOP	GTOP
GTOP-BC171	-1.18216	-6.91159	6.56701	-7.99243	0.687921	5.00958	1.07891	-7.24139	-0.851785	7.39435	GTOP	GTOP
GTOP-BC181	1.6414	-9.2237	7.09309	-3.25321	4.46656	2.50726	1.62629	1.81765	-4.40489	-4.82175	GTOP	GTOP
GTOP-BC191	3.14155	-12.4107	1.47471	2.896	0.198354	5.58683	-8.10105	-10.8654	-5.76915	6.59618	GTOP	GTOP
GTOP-BD011	2.78252	-14.081	9.46008	-0.409672	2.43394	-1.21723	2.82666	3.62532	-2.77806	-4.52105	GTOP	GTOP
GTOP-BD201	1.6346	-11.1992	0.785112	-4.15998	-6.37415	-3.65238	-3.13857	-5.52803	4.44296	0.361211	GTOP	GTOP
GTOP-BE141	1.58966	-13.5678	2.13058	5.84362	5.16994	1.26337	8.52253	-6.1045	2.5073	-4.28754	GTOP	GTOP
GTOP-BE161	-0.137587	-8.90296	0.0519389	0.870282	0.925518	1.84206	2.17609	-15.2536	-2.64525	3.64112	GTOP	GTOP
GTOP-BE181	0.949831	-6.15835	6.81078	11.3518	-3.35744	7.73157	3.73258	-20.0715	6.59708	4.00822	GTOP	GTOP
GTOP-BE221	1.19165	-10.0898	2.7952	4.23902	-7.21054	-2.95312	4.58341	-8.02028	-6.77493	-6.19471	GTOP	GTOP
GTOP-BF221	10.5134	-14.4845	2.55148	7.57232	-1.49394	5.17046	-1.26383	3.83673	-12.1794	4.40187	GTOP	GTOP
GTOP-BF251	-1.85665	-9.31968	10.491	-0.871785	-5.88813	12.2388	3.43302	-2.72829	2.55101	7.8279	GTOP	GTOP
GTOP-BF271	-1.77579	-6.81454	7.5078	-14.149	-14.7323	-4.41288	-3.61505	-17.4475	1.02395	-8.50215	GTOP	GTOP
GTOP-BG091	1.57612	-8.69518	-5.76367	-4.69081	-1.14148	-10.3635	-9.49286	0.898499	5.06646	-0.374983	GTOP	GTOP
GTOP-BG171	2.98562	-11.7426	9.8767	3.87604	1.1015	8.34063	-4.48611	3.62752	12.114	-1.20601	GTOP	GTOP
GTOP-BG291	2.40704	-9.77892	10.4955	5.48161	-3.93039	2.51731	-0.506679	9.69937	-6.02169	10.9039	GTOP	GTOP
GTOP-BG311	5.47252	-11.8728	2.92519	-1.03759	-3.69299	1.75472	-0.715991	3.98866	2.97952	4.31595	GTOP	GTOP
GTOP-BH071	-1.91805	-6.61285	-7.43371	3.71552	1.9353	2.13477	-14.5304	10.2986	16.6614	-2.8996	GTOP	GTOP
GTOP-BH101	-0.692435	-9.78068	-4.31862	6.68591	5.50715	-5.31907	1.35231	-10.5467	1.69424	2.78631	GTOP	GTOP
GTOP-BH131	-2.53288	-10.5504	1.34102	3.30644	-4.97876	-12.7489	-5.20053	-5.99953	8.00128	-4.42705	GTOP	GTOP
GTOP-BH171	4.48165	-11.8862	7.00424	4.80321	-4.2047	4.0415	-4.84136	10.4078	8.09372	-9.66716	GTOP	GTOP
GTOP-BH271	-0.0955409	-7.68651	2.59561	1.1383	12.0564	6.40703	1.73016	-1.73431	-2.71969	7.05166	GTOP	GTOP
GTOP-BI071	0.60259	-9.0953	4.52685	6.48207	-0.958923	-3.60409	-6.69727	-3.10654	0.253429	7.24553	GTOP	GTOP
GTOP-BI281	-0.689761	-7.31347	2.37721	4.09423	-9.54073	-3.04045	0.587843	-4.14527	-4.55134	-6.63733	GTOP	GTOP
GTOP-BJ111	2.4331	-11.0402	8.50901	5.55001	0.604368	7.59684	-2.05288	1.41552	-8.38152	4.28244	GTOP	GTOP
GTOP-BJ131	1.2698	-8.80234	2.5419	-2.54286	6.14987	10.3709	-8.25806	3.86567	4.76009	7.95968	GTOP	GTOP
GTOP-BJ141	1.34292	-12.7531	0.209557	-8.6572	-8.52523	-1.22002	7.93156	-2.58524	0.0333394	-19.025	GTOP	GTOP
GTOP-BJ171	0.598535	-7.91019	6.7548	-14.0672	4.25154	-10.831	-0.379871	-10.0731	5.01387	-2.0644	GTOP	GTOP
GTOP-BJ191	-0.552292	-8.76709	0.457746	-0.304377	5.7049	8.40622	-7.22734	-0.446945	5.89169	-1.99104	GTOP	GTOP
GTOP-BJ201	0.761039	-7.27066	-1.29427	-5.0039	-7.15666	2.92353	4.02858	-4.14736	-3.34876	-3.78181	GTOP	GTOP
GTOP-BK021	6.22416	-14.2592	10.453	6.15744	-2.46722	1.80135	-3.41007	-1.83368	-8.34593	0.708865	GTOP	GTOP
GTOP-BK071	-1.629	-7.81778	2.87167	-6.28813	-3.22436	-5.60429	0.995127	4.59028	0.0636526	14.1683	GTOP	GTOP
GTOP-BK161	0.665882	-8.34538	8.95184	9.21189	-7.10977	-1.08548	3.84867	-10.6385	3.85402	7.21196	GTOP	GTOP
GTOP-BK191	-1.05258	-6.15021	4.05181	2.63107	2.43603	-0.73869	0.444886	-0.483586	5.37766	-14.7868	GTOP	GTOP
GTOP-BK251	4.16202	-14.1338	8.93816	-5.60834	7.91102	0.361413	6.55766	-4.53667	-2.77001	-3.42761	GTOP	GTOP
GTOP-BK261	4.47213	-9.76377	-5.49603	-6.75688	-15.5516	1.27472	3.55711	-3.03672	2.34259	8.17396	GTOP	GTOP
GTOP-BK281	1.55728	-11.2789	-4.07616	10.331	4.88429	4.59015	-4.05615	0.175737	10.2405	-10.0208	GTOP	GTOP
GTOP-BL021	-3.7345	-5.85408	-0.817744	0.50986	-11.7545	6.85604	5.1747	-4.813	-4.51701	-15.1036	GTOP	GTOP
GTOP-BL091	0.993786	-8.88278	2.34396	-0.640953	1.58062	1.96119	2.48169	-5.25502	-3.44092	-3.5645	GTOP	GTOP
GTOP-BL151	1.88844	-10.3382	8.2336	1.22255	1.56182	3.37399	5.03397	-7.2503	3.79456	10.5595	GTOP	GTOP
GTOP-BL161	-2.82661	-7.4639	7.44771	9.64068	5.11138	-2.67	0.381823	-7.71201	1.38873	-3.64138	GTOP	GTOP
GTOP-BL221	3.16816	-11.5724	16.481	0.0902789	-11.1485	3.23639	2.32527	-3.61801	-8.64669	6.06876	GTOP	GTOP
GTOP-BL261	-1.65335	-5.67512	-2.62545	-4.56134	10.4262	-8.69638	-7.97331	-4.42319	0.741592	-10.333	GTOP	GTOP
GTOP-BL271	2.33975	-10.3494	3.40221	1.21394	2.75376	-6.73435	-6.49383	-4.94673	2.04309	9.7126	GTOP	GTOP
GTOP-CA031	0.622191	-9.21974	-1.77505	9.93287	-7.40083	-0.812216	4.79202	-6.5386	3.43946	-6.49008	GTOP	GTOP
GTOP-CA081	-0.831228	-7.12797	10.1965	-4.51913	-1.3922	9.86042	2.05868	-12.1292	-1.28623	8.46539	GTOP	GTOP
GTOP-CA121	-6.95492	-7.66673	-2.09111	-1.58128	2.59283	-2.77693	-0.946824	-6.2971	8.58238	4.01128	GTOP	GTOP
GTOP-CA161	1.59953	-9.02699	1.65458	11.9689	3.19492	1.44538	12.5602	-6.08317	10.5418	-0.42304	GTOP	GTOP
GTOP-CA171	-3.31814	-7.40335	3.21134	6.13218	-7.90434	14.8907	2.33641	-3.22462	7.04977	2.77289	GTOP	GTOP
GTOP-CA181	1.76911	-12.5953	12.569	-6.48455	16.8822	4.01503	-1.56848	7.34899	-1.60692	11.975	GTOP	GTOP
GTOP-CA231	2.78664	-9.52103	8.27506	0.660078	3.32666	15.1507	0.967783	4.69791	14.0361	5.95487	GTOP	GTOP
GTOP-CA241	-3.46516	-9.66721	-1.32589	0.132762	-13.0847	3.17086	4.7777	-2.62921	14.0264	2.2094	GTOP	GTOP
GTOP-CB051	-1.57905	-7.15989	2.93412	-1.1892	1.83803	-5.63007	5.04029	-5.54222	-6.8801	1.86402	GTOP	GTOP
GTOP-CB052	0.166579	-8.31831	-3.45235	2.08101	6.32025	-2.34008	-6.01563	-8.29541	3.48801	1.52136	GTOP	GTOP
GTOP-CB121	-2.62871	-6.45331	13.647	-2.52962	-10.3867	-3.35832	3.94192	-9.97373	7.54772	-2.10895	GTOP	GTOP
GTOP-CB151	-0.281385	-4.23035	4.05849	3.04826	5.90837	2.16684	-5.76724	2.38612	4.1975	-4.91705	GTOP	GTOP
GTOP-CB161	-1.06586	-9.01051	-4.56744	2.49039	-8.9886	-12.5109	-19.1071	4.80667	7.01307	5.00667	GTOP	GTOP
GTOP-CB261	0.0215725	-6.77843	8.11115	12.2353	-9.24459	-4.76617	0.565504	-5.98225	-2.47883	-0.433672	GTOP	GTOP
GTOP-CB271	-1.14192	-6.94514	3.38275	-6.07562	-12.135	7.65345	2.16198	-1.8	14.5284	6.58549	GTOP	GTOP
GTOP-CB281	-1.81523	-6.55616	-5.74578	5.0836	-2.05181	-2.91428	-7.9197	-9.25103	0.488401	-1.10827	GTOP	GTOP
GTOP-CC031	-2.17952	-6.57885	10.0382	-8.58149	2.45677	7.9465	-3.89499	-10.1298	-8.37242	5.62156	GTOP	GTOP
GTOP-CC041	-2.86824	-7.2356	3.14557	-17.433	2.55062	10.0675	-8.32592	-4.6432	2.57712	-0.0897091	GTOP	GTOP
GTOP-CC061	-2.30066	-6.421	1.80525	9.58163	6.06449	1.64886	-1.29557	4.22588	6.99646	-4.63142	GTOP	GTOP
GTOP-CC121	1.88969	-8.85176	-0.423836	-0.468047	-13.7637	-4.86083	0.553524	-6.06109	-7.31196	6.86839	GTOP	GTOP
GTOP-CC131	2.30692	-11.3176	10.4053	14.5699	-5.07175	1.13065	-0.736035	-8.65746	2.8	-4.21161	GTOP	GTOP
GTOP-CC141	4.10552	-8.91785	14.659	5.61115	-0.769059	-3.03342	-1.23937	-4.92676	-0.682007	-0.77737	GTOP	GTOP
GTOP-CC201	7.66733	-12.9177	3.05209	-0.234629	-7.68175	1.68638	3.28286	1.57514	2.91261	13.2371	GTOP	GTOP
GTOP-CC231	1.55759	-7.32328	2.34405	-2.14419	13.3049	12.2137	3.91382	3.51212	-0.773231	2.3017	GTOP	GTOP
GTOP-CC241	2.86163	-12.6737	8.12722	-6.24931	4.96857	0.584234	0.882081	-18.376	-1.30296	-3.17631	GTOP	GTOP
GTOP-CC251	1.95845	-12.7915	0.363411	-11.8006	-11.1899	-0.961435	1.97442	-3.02832	-3.03785	3.79241	GTOP	GTOP
GTOP-CC291	-1.48705	-3.3739	3.33601	7.10971	9.96902	-3.81224	-4.68365	-15.6963	4.18095	-2.94948	GTOP	GTOP
GTOP-CC311	1.51958	-10.4205	8.65605	13.8567	1.19125	5.41861	9.57745	0.30466	0.223576	-1.52756	GTOP	GTOP
GTOP-CD021	0.8517	-8.78644	2.76233	-9.64045	-4.13199	-4.05662	-9.71371	-6.88404	-1.19374	-2.46941	GTOP	GTOP
GTOP-CD121	4.05412	-10.6256	-5.06084	8.79525	-2.73487	0.373159	-9.54106	1.16938	10.4315	9.71493	GTOP	GTOP
GTOP-CE111	3.33515	-9.78047	2.22821	-0.0907726	-4.68517	5.73683	-7.83973	-3.08738	-0.802139	-3.15481	GTOP	GTOP
GTOP-CE131	3.06409	-9.90126	3.42825	7.6018	7.23758	0.0679612	16.2971	-0.187179	-3.65053	14.253	GTOP	GTOP
GTOP-CE141	0.956473	-11.2275	1.76942	9.15207	-3.36873	0.374395	-2.40037	0.924942	3.82154	-4.44332	GTOP	GTOP
GTOP-CE161	4.39384	-11.4524	13.0042	1.34844	8.20142	14.9276	1.75296	2.10989	-2.16386	3.18231	GTOP	GTOP
GTOP-CF011	1.30102	-7.43073	1.40694	-12.8122	-2.63028	-6.92553	-4.43333	2.09112	7.48311	-2.88924	GTOP	GTOP
GTOP-CF051	-1.09363	-8.19631	8.54156	-4.87962	3.33468	6.61671	-7.88561	-5.57018	4.93103	7.52678	GTOP	GTOP
GTOP-CF121	1.4959	-11.2469	-1.89334	0.893309	-0.995874	1.79447	-1.73792	-1.71998	3.98033	-2.66246	GTOP	GTOP
GTOP-CF201	0.330545	-7.24205	3.43491	0.217975	-7.4562	-7.81121	-1.29714	-2.30858	-3.60071	-0.173797	GTOP	GTOP
GTOP-CF221	-0.978555	-9.17159	-1.99574	14.3392	1.50344	4.00114	1.49951	-12.6874	-6.48869	-7.09145	GTOP	GTOP
GTOP-CF241	-3.38877	-8.69718	7.92462	12.4921	-6.04318	-5.6916	-3.19874	-9.33449	9.40605	-2.08888	GTOP	GTOP
GTOP-CF242	-3.09899	-5.89343	1.26578	-0.1345	8.38525	7.4804	0.125364	5.0007	0.31738	6.91931	GTOP	GTOP
GTOP-CF301	1.30255	-11.0485	2.19922	2.62793	-9.94218	-3.0564	5.7181	-8.52654	8.43788	-4.7024	GTOP	GTOP
GTOP-CG041	4.04734	-10.6252	11.999	9.9746	-0.371968	7.95535	1.1186	3.19871	-4.46695	-1.96256	GTOP	GTOP
GTOP-CG061	5.84606	-12.6188	8.72081	9.09146	4.56789	-4.86245	-3.22007	-0.488397	2.7974	2.37238	GTOP	GTOP
GTOP-CG071	-1.26426	-8.20989	5.09433	7.49989	9.87821	6.49441	-9.36883	-9.37062	-7.28292	4.75803	GTOP	GTOP
GTOP-CG091	4.40716	-9.54201	-2.07361	1.04546	-1.59814	-4.89263	3.92278	-0.598485	-7.6496	8.57671	GTOP	GTOP
GTOP-CG111	-2.56888	-5.75092	6.69895	12.2689	0.396717	-10.4482	-8.19098	-0.726098	-4.63593	-0.153676	GTOP	GTOP
GTOP-CG171	0.0456322	-9.80089	12.9477	-7.68781	7.57291	6.41546	-5.71043	-1.8542	-8.52601	-1.42141	GTOP	GTOP
GTOP-CG172	0.232816	-12.3389	6.94134	-7.20586	-11.9811	-0.520695	1.6305	-4.91311	8.66973	-7.16749	GTOP	GTOP
GTOP-CG191	-1.28094	-9.259	8.22605	0.108882	-7.08821	-4.88928	-9.71449	-1.90598	6.36197	-1.73883	GTOP	GTOP
GTOP-CG211	4.4538	-12.6235	6.31122	3.2716	-4.10418	4.63543	8.40747	2.09086	-0.923908	-2.28036	GTOP	GTOP
GTOP-CG261	2.14669	-10.3297	2.48072	-0.883088	-3.69912	-3.8125	9.65555	-10.499	-0.548836	6.47787	GTOP	GTOP
GTOP-CG271	0.426596	-7.02475	0.63867	3.40038	-1.96336	0.704108	1.49295	-5.89153	-3.12075	-1.56247	GTOP	GTOP
GTOP-CH041	2.37696	-10.5687	4.2427	0.410421	5.09334	6.66011	-1.54902	3.40889	-0.618855	4.14858	GTOP	GTOP
GTOP-CH081	3.94682	-11.6754	10.2369	8.4541	3.14549	-10.1395	8.6144	-9.54829	-15.3124	8.38492	GTOP	GTOP
GTOP-CH082	0.610013	-10.0382	-4.84085	-17.9241	-13.3815	-4.15107	-0.344042	-6.37919	5.99331	3.38678	GTOP	GTOP
GTOP-CH091	-1.77166	-9.72485	2.80886	-0.354528	-5.52092	-3.54286	4.30224	0.718393	-0.19661	-0.838651	GTOP	GTOP
GTOP-CH101	-1.45337	-9.87238	8.94311	11.3992	8.43203	3.60611	-7.46372	-3.18881	-10.2533	-6.0438	GTOP	GTOP
GTOP-CH102	0.313872	-8.09374	-2.55243	-1.00773	3.17268	-5.3093	3.32714	15.7322	4.75862	2.05193	GTOP	GTOP
GTOP-CI161	-1.90687	-4.40068	-2.28911	1.04422	9.55668	-4.82166	-18.2426	-1.68517	5.00289	9.33516	GTOP	GTOP
GTOP-CI201	-0.190116	-5.01634	4.12281	-10.9656	1.90787	-2.90756	2.2903	-7.84003	9.08444	19.6906	GTOP	GTOP
GTOP-CI211	1.21506	-11.5111	7.79551	10.551	-9.21601	6.03816	-7.61342	-4.55301	3.7356	-2.53879	GTOP	GTOP
GTOP-CI221	10.1634	-14.8762	12.5478	-11.7221	7.75079	-0.419759	18.3977	-14.4202	-9.2862	2.81742	GTOP	GTOP
GTOP-CI222	4.60992	-8.30564	8.14147	-2.8568	-9.03373	16.391	7.14544	-3.89388	-1.09846	-2.35683	GTOP	GTOP
GTOP-CI231	0.214403	-7.24812	13.999	-4.79496	3.75841	-2.54998	-6.59215	0.0801572	2.92256	8.03638	GTOP	GTOP
GTOP-CI251	-1.53367	-4.07159	5.15138	2.32895	-8.10445	5.71047	-1.1944	-3.31802	-10.7891	3.44806	GTOP	GTOP
GTOP-CI291	6.01529	-13.1512	-8.62713	11.77	-3.53499	-6.86071	-2.9545	4.8123	-2.49095	-8.73804	GTOP	GTOP
GTOP-CI301	-3.86169	-7.55189	0.859227	4.20992	5.1254	1.77176	1.8712	-11.5373	8.98903	7.61293	GTOP	GTOP
GTOP-CJ091	-0.00472602	-9.07448	6.81743	-8.41753	2.05548	5.85272	-4.68983	-9.60953	-6.88534	2.57849	GTOP	GTOP
GTOP-CJ092	-1.76089	-8.6254	6.09915	0.931041	12.2399	-9.78034	-0.232622	6.51163	-4.78363	-6.47421	GTOP	GTOP
GTOP-CJ093	-2.26282	-7.09694	-2.45402	5.05764	6.98106	-12.409	-9.13632	-6.34466	2.54582	-6.51937	GTOP	GTOP
GTOP-CJ111	4.04965	-5.52225	11.6612	-8.15434	6.29133	-9.35097	-0.174465	2.42351	0.280591	-0.432419	GTOP	GTOP
GTOP-CJ151	-0.757581	-6.8595	9.71398	-10.6495	-6.15554	-2.23556	3.39287	-3.13557	7.72496	1.68673	GTOP	GTOP
GTOP-CJ231	-3.97139	-9.68741	-3.34556	-8.87647	2.95059	-2.00266	1.71639	-16.5257	9.36461	7.14464	GTOP	GTOP
GTOP-CK031	0.919303	-5.41374	3.04583	11.2315	6.49647	-2.3849	-4.04786	-0.0320882	9.20615	-0.671456	GTOP	GTOP
GTOP-CL111	4.57036	-11.0115	10.4677	-11.4648	-5.94951	4.45099	-11.595	-5.7128	-10.4977	-13.5272	GTOP	GTOP
GTOP-CL141	0.891506	-9.26729	-4.66064	7.62996	-8.80007	3.79386	-8.50426	-17.4611	-2.3307	-1.09486	GTOP	GTOP
GTOP-CL161	-2.01802	-6.41079	-6.97286	5.38596	2.6525	-4.08162	-4.20203	-8.28845	-1.42858	3.34824	GTOP	GTOP
GTOP-CL171	-1.48613	-8.77466	4.60322	3.2258	-3.54477	-13.9542	-9.11683	-5.39364	6.9586	-9.48492	GTOP	GTOP
HG00403	1.45992	-5.19717	1.87641	-7.54005	8.3344	-1.97488	-1.18583	-8.9918	-1.37748	-16.5602	CHS	EAS
HG00404	1.02183	-6.45486	-0.655879	-1.04553	-3.97397	-0.413841	6.0384	-0.264866	9.87742	3.12709	CHS	EAS
HG00406	-1.46478	-8.83485	0.323427	9.47983	2.56499	15.8141	2.39313	8.63775	-1.29283	-5.18005	CHS	EAS
HG00407	-1.22735	-2.41867	0.052845	3.72984	-5.82687	-5.153	-7.77732	-8.4093	-3.69807	6.33589	CHS	EAS
HG00409	0.850902	-4.92997	0.420443	6.53731	-3.60724	-7.89087	0.15684	0.253572	2.3794	2.22373	CHS	EAS
HG00410	0.639982	-6.35338	0.745084	8.71278	2.77231	-3.69005	3.37063	8.17442	7.46104	0.825486	CHS	EAS
HG00419	-0.887959	-7.81553	1.25747	-12.3008	-8.40357	3.87251	0.690312	9.90716	-4.83108	7.10318	CHS	EAS
HG00421	0.237183	-6.60335	0.102558	-6.8437	-1.20543	9.61052	1.00498	-16.1141	-5.92676	-9.59775	CHS	EAS
HG00422	-1.80121	-3.92182	-3.08467	1.4788	-9.21682	5.78499	-6.93675	9.05334	12.1781	0.317834	CHS	EAS
HG00428	0.486525	-10.4331	-10.9007	-2.85911	-4.73916	-9.89935	0.614372	-7.43736	-2.09024	-2.05154	CHS	EAS
HG00436	-1.39697	-7.16152	-8.64858	5.75647	4.67559	-14.635	-3.81391	-6.88625	3.21476	3.37745	CHS	EAS
HG00437	0.513075	-11.0718	0.677495	-11.4414	-7.40042	-9.37218	-10.659	4.7813	-4.75522	8.3848	CHS	EAS
HG00442	-1.63964	-4.88311	-6.87926	-10.6128	0.545994	-3.99526	-2.66062	-8.00704	-2.78357	-17.8871	CHS	EAS
HG00443	-0.212915	-3.91405	3.96183	-2.77755	-4.20617	15.9396	-0.813979	10.9469	1.16099	8.20689	CHS	EAS
HG00445	-1.19199	-4.40071	-17.1066	3.55387	1.89836	2.80992	2.37498	-7.63009	13.4206	2.43152	CHS	EAS
HG00446	0.79242	-3.73159	-4.02936	1.12314	-0.31086	-2.07572	-5.05856	1.75625	2.50815	-8.07378	CHS	EAS
HG00448	-0.705763	-8.1225	1.21386	8.96258	3.9492	-3.22112	6.32387	-6.06413	4.85314	7.157	CHS	EAS
HG00449	0.18043	-3.65064	-2.62915	3.44225	1.21392	12.6582	-0.796663	-10.1469	3.48637	8.60066	CHS	EAS
HG00451	2.11604	-6.84008	-1.05126	-7.67877	-5.35363	0.630433	6.64798	-4.71733	3.86614	-0.519663	CHS	EAS
HG00452	0.0151411	-6.01004	-1.24169	-2.07557	-1.04836	2.75074	-0.191762	10.9517	-2.35229	1.72533	CHS	EAS
HG00457	-1.217	-3.52652	-0.0549372	1.70236	10.4824	1.26209	10.4015	3.94331	10.025	-0.302929	CHS	EAS
HG00458	0.891961	-10.6643	1.99281	0.446848	1.72981	-11.8343	-0.693632	-0.636589	-9.25037	-4.59901	CHS	EAS
HG00463	0.0496467	-7.64822	-1.91048	4.67769	1.61978	-8.95383	-9.19838	-10.2229	2.741	14.0436	CHS	EAS
HG00464	-1.09787	-8.9648	0.413296	4.26908	-2.55576	8.96648	2.1322	-0.704605	-17.114	1.28809	CHS	EAS
HG00472	2.24429	-6.34435	-4.53292	2.41123	-2.24597	-4.08705	-12.9439	6.94456	4.36267	-6.67847	CHS	EAS
HG00473	-0.563952	-8.68467	4.90625	2.98772	0.856408	7.5215	1.11292	-0.689677	-1.51114	5.95695	CHS	EAS
HG00475	2.51478	-7.72831	-5.41053	-0.731414	-3.47126	-5.28977	-7.50088	-15.2769	16.3837	-23.4004	CHS	EAS
HG00476	1.11864	-8.06056	5.61093	-10.3206	4.08637	-1.20254	3.00968	-3.80699	1.06884	15.3744	CHS	EAS
HG00478	-0.408741	-3.28814	3.35545	7.00373	0.33606	-9.18614	3.37935	-12.5843	-1.42491	11.5291	CHS	EAS
HG00479	0.895927	-6.21399	2.77188	-3.60619	4.23553	-12.9961	3.21036	2.20217	-9.11435	-2.59741	CHS	EAS
HG00500	0.930025	-8.37731	2.09722	-7.55229	-1.31655	11.5789	-0.256428	-3.94447	5.31748	-8.69842	CHS	EAS
HG00513	-1.72359	-5.84875	4.73552	-11.7372	-1.16856	7.43031	-7.79617	-2.28591	-3.69372	11.4591	CHS	EAS
HG00524	0.563138	-5.71506	-3.1883	-5.10115	8.34392	-2.99092	-20.1233	6.67205	-2.7685	3.76681	CHS	EAS
HG00525	2.89051	-8.31325	-2.81416	-6.83474	-5.81238	4.01474	11.581	3.68776	-8.80747	1.67494	CHS	EAS
HG00530	3.42102	-8.06175	-1.67728	8.49595	-3.45275	1.84424	-8.33429	-12.9434	-9.26433	-0.577809	CHS	EAS
HG00531	-4.04832	-6.80292	3.80829	-2.47687	-1.74821	10.5328	-4.87979	5.78652	8.37707	11.1109	CHS	EAS
HG00533	1.44477	-6.88021	-1.93199	4.45156	4.75989	2.5152	-8.76317	-8.00084	-3.15936	-10.1869	CHS	EAS
HG00534	-0.202442	-5.96895	-5.641	8.63742	0.45941	3.42604	-13.2671	1.75513	3.28228	-3.52349	CHS	EAS
HG00536	1.43691	-8.14598	3.57716	4.91714	0.487558	3.71157	-22.0563	-9.51018	3.7096	0.294741	CHS	EAS
HG00537	1.23813	-7.09004	-3.33132	-6.7113	17.1925	5.81637	-19.4686	21.1163	3.32198	3.71703	CHS	EAS
HG00542	1.51381	-9.54898	-2.41603	-3.96565	-5.48825	-5.96818	-0.719319	-8.50438	8.17674	-19.2903	CHS	EAS
HG00543	-1.4234	-6.23067	-13.7285	-5.19348	-1.19756	-5.52165	7.59628	2.43211	-5.40127	8.25593	CHS	EAS
HG00556	0.0711945	-3.77567	-6.26635	13.641	2.7319	5.59922	16.9046	3.08933	3.55087	-2.75567	CHS	EAS
HG00557	-0.728731	-5.64506	-2.23164	9.28979	8.17441	1.79352	10.0574	4.03523	8.83778	-2.12107	CHS	EAS
HG00559	4.32219	-4.94737	0.891443	8.70182	0.114809	-6.64068	2.59003	-4.00389	2.96542	1.55102	CHS	EAS
HG00560	1.3103	-6.33918	-0.771652	-10.9239	-5.23503	0.843766	3.18644	1.08318	-2.69279	-7.78622	CHS	EAS
HG00565	1.29212	-10.5578	-4.04292	-1.11809	-15.7501	1.65167	-6.87023	8.92668	-5.85741	-9.36938	CHS	EAS
HG00566	-0.942997	-7.27498	-0.349876	-10.4601	-4.88153	-1.38379	-0.241569	6.24507	1.07558	2.13642	CHS	EAS
HG00580	2.19037	-9.03127	-4.3389	0.818705	4.78981	3.54879	3.56018	3.27378	-1.11554	-7.11088	CHS	EAS
HG00581	5.0406	-5.35496	-12.4309	-13.7852	-18.6041	-4.67938	-0.492916	-5.35949	17.4584	3.45676	CHS	EAS
HG00583	-5.60097	-2.76397	1.55341	0.139322	0.661678	-1.46571	-20.8168	3.48703	1.80027	5.13895	CHS	EAS
HG00584	0.374086	-6.95453	-9.86666	-13.9573	-14.5235	-8.92024	-5.18514	7.44984	-5.64366	6.00794	CHS	EAS
HG00589	1.29944	-5.14113	1.81874	5.53977	-5.10347	-9.55094	-6.28925	6.3508	-0.58472	2.43926	CHS	EAS
HG00590	-1.60903	-5.21461	1.8595	-5.9035	-8.84007	2.54644	5.06092	10.555	-11.7593	3.02792	CHS	EAS
HG00592	9.09445	-14.56	-7.1157	4.80254	5.0619	1.60681	5.80625	7.17559	-9.26602	6.69857	CHS	EAS
HG00593	1.77738	-7.74848	2.40004	6.91545	0.862799	3.59547	1.3136	2.80056	3.79472	5.26317	CHS	EAS
HG00595	1.29443	-10.2369	-3.75518	-17.1186	-12.3844	-7.00629	-8.9009	9.899	-3.21085	6.55953	CHS	EAS
HG00596	2.19525	-6.79625	0.0454178	-10.8159	-0.53617	20.5377	1.84089	2.7858	3.58705	1.34979	CHS	EAS
HG00598	-0.362046	-7.03859	2.36549	-1.58739	-0.136761	6.3846	-12.592	2.48007	3.64337	7.19305	CHS	EAS
HG00599	4.46451	-5.56121	1.55467	-5.86248	0.236382	5.29066	-1.68528	10.5465	7.80927	7.69844	CHS	EAS
HG00607	2.39925	-7.23739	-16.0645	-16.1268	-10.0048	-1.55495	-4.03111	-1.84604	17.8625	1.97923	CHS	EAS
HG00608	0.302345	-4.38696	-1.58239	-13.2833	6.93427	2.26308	-8.67663	1.5549	2.9911	-11.0169	CHS	EAS
HG00610	1.06502	-4.41725	8.9366	-4.47655	-10.5452	8.12392	3.36099	4.17586	-10.4676	6.16385	CHS	EAS
HG00611	0.388526	-4.39685	3.2809	-2.7686	2.13835	-12.5331	-2.09595	1.0309	2.11082	-1.71892	CHS	EAS
HG00613	-0.571096	-8.50706	-13.5496	-17.2718	-8.04652	-15.519	5.55833	7.6873	-2.65828	-2.00796	CHS	EAS
HG00614	1.90258	-5.42362	5.07358	-11.6974	-6.78981	-0.911935	-1.15329	1.71452	-11.2449	-1.67354	CHS	EAS
HG00619	-0.534668	-5.0165	-8.07326	-4.48156	9.71348	-8.68545	9.54458	-12.8605	1.32359	1.66061	CHS	EAS
HG00620	-0.780256	-10.2811	-17.8092	5.85884	0.689649	-2.0599	-7.00919	-1.74407	-4.92452	1.98478	CHS	EAS
HG00622	0.510448	-8.6321	-0.659723	-6.54915	9.2121	-4.55151	-4.97601	0.849492	-2.61791	2.19076	CHS	EAS
HG00623	0.0684345	-5.38411	-8.40983	-11.1763	-3.92739	2.76216	-4.77267	-2.71909	-6.80213	5.88693	CHS	EAS
HG00625	-3.62031	-4.87873	-7.37495	-7.81079	-1.74721	-1.84206	-10.4598	-4.07796	2.32234	0.904833	CHS	EAS
HG00626	0.63781	-5.34492	-4.40293	-5.42024	-0.827248	3.99116	-10.5941	3.19101	2.57871	9.11802	CHS	EAS
HG00628	1.41132	-6.96777	-3.96749	-5.11634	4.22859	-5.4812	2.23432	2.01085	5.43664	10.5076	CHS	EAS
HG00629	-1.30786	-7.53937	8.55302	-12.9597	3.8818	5.84662	-12.5412	5.07363	-18.9041	7.03828	CHS	EAS
HG00631	2.81362	-9.4252	-10.0143	14.0651	0.290424	-4.42828	7.11268	9.02765	-6.01753	0.539351	CHS	EAS
HG00632	1.93539	-7.78702	6.7689	-11.1587	7.75769	16.9592	-7.24223	3.22063	5.62275	6.93158	CHS	EAS
HG00634	1.3284	-9.08158	-6.44053	-11.8359	-12.9747	-12.1812	0.738084	-5.05051	9.77688	1.33852	CHS	EAS
HG00650	-8.06816	-2.65447	0.926296	-5.49746	-6.56195	0.339005	-2.78611	3.56559	4.6643	-0.853365	CHS	EAS
HG00651	-6.49413	-3.67693	3.7014	-4.54539	9.12498	-1.31056	-2.86619	1.47752	-6.55675	-4.07497	CHS	EAS
HG00653	-6.2336	0.428902	5.95638	-6.40138	12.4198	-6.62136	-10.3512	-7.06461	-8.8938	5.80542	CHS	EAS
HG00654	-4.1925	-2.67451	4.81386	1.26407	-3.55876	3.80348	-6.97001	4.84467	6.02409	-11.5367	CHS	EAS
HG00656	-8.3764	-3.23896	-3.0018	-3.11438	10.1038	9.29038	-3.11428	5.23466	11.7741	2.03493	CHS	EAS
HG00657	-4.06118	-1.3885	-0.713322	3.48307	-4.64975	8.10245	-6.86097	-6.25373	-3.90132	14.4407	CHS	EAS
HG00662	-4.80195	-3.17345	-7.71804	11.8244	-1.01356	-1.26486	-12.8501	14.8146	7.01964	13.2533	CHS	EAS
HG00663	-8.28923	-3.33063	-5.25129	-2.26436	-9.62434	-7.86181	-15.4304	-0.696243	7.30505	-0.547204	CHS	EAS
HG00671	-5.27275	-1.43543	-6.07659	4.58742	2.11321	-4.0175	6.47381	-1.90511	9.2317	3.67797	CHS	EAS
HG00672	-6.2817	0.212325	5.60607	-1.52978	3.48928	1.40471	-17.6322	0.720898	-2.1018	-2.71544	CHS	EAS
HG00674	-6.94339	-2.96011	2.40799	-1.26545	5.81954	14.4525	-1.43239	3.64068	-1.13535	3.02654	CHS	EAS
HG00675	-5.35483	-2.56674	-2.95423	-8.12683	1.61972	25.6237	5.7756	-4.44386	2.56845	-0.745826	CHS	EAS
HG00683	-5.77255	-1.84277	-6.46514	3.83788	0.542739	12.5824	-2.16703	1.88461	1.73703	3.02892	CHS	EAS
HG00684	-6.35999	-3.45948	-7.3552	9.63201	4.41269	-1.19044	-5.32526	-7.26156	-1.28933	10.2829	CHS	EAS
HG00689	-6.49224	-6.55225	-3.80406	-8.07159	-5.95542	19.9408	-4.59611	0.537932	0.536468	4.67281	CHS	EAS
HG00690	-8.42311	-0.784692	-6.79631	-9.24151	4.27957	6.5977	-1.18931	13.1804	4.1305	-3.86111	CHS	EAS
HG00692	-6.30985	-4.10396	-7.75279	-1.63322	-2.27323	8.93313	-4.6669	2.33277	4.04508	-5.7045	CHS	EAS
HG00693	-3.43657	-2.80089	7.13637	-4.6497	-6.86932	8.72507	-13.7631	-0.197401	-0.0120043	-1.32633	CHS	EAS
HG00698	-5.0474	-2.45353	0.683981	3.03004	-1.47974	2.80247	-6.61151	-9.2473	11.4344	1.56109	CHS	EAS
HG00699	-3.17695	-2.92898	-5.03262	-7.37869	-3.28731	-1.88951	-2.11131	-4.19714	4.19653	-9.02144	CHS	EAS
HG00701	-1.37372	-4.91081	0.495808	-8.55098	-10.041	-2.01607	1.07014	12.582	7.37457	1.47389	CHS	EAS
HG00704	-6.50666	-2.82039	-4.27541	-0.839455	-12.5442	1.1034	3.1253	10.9215	-3.967	4.73802	CHS	EAS
HG00705	-5.87413	-4.06168	-2.25978	-5.00947	-3.71901	-4.26544	0.867924	-2.56313	8.63277	-2.93898	CHS	EAS
HG00707	-7.8261	-0.650934	-5.0258	7.17759	-11.9149	-0.361276	-4.50493	5.86757	4.97206	-0.426951	CHS	EAS
HG00708	-3.02241	-4.04861	-3.21963	-3.74373	-11.1919	6.04807	3.56635	2.03156	8.66457	3.0015	CHS	EAS
HG00717	-5.70366	-3.77101	-1.79267	-9.75072	3.78077	-9.54044	3.36474	0.30234	2.29163	-0.140815	CHS	EAS
HG00728	-6.45248	0.313479	-0.0525224	4.01626	-3.07248	-5.60531	-14.1653	15.8873	8.06676	1.5914	CHS	EAS
HG00729	-4.97359	-3.94831	-0.15658	-4.93692	-12.8416	6.04903	4.94499	9.53328	-3.35943	13.3722	CHS	EAS
HG00759	-20.4721	6.22762	15.4184	1.31878	-5.80418	-0.35669	3.19442	10.1904	-2.7339	12.4566	CDX	EAS
HG00766	-20.3539	12.7628	22.4305	-12.9652	-0.692872	-8.78854	3.88869	14.491	-8.06144	-12.1026	CDX	EAS
HG00844	-22.8108	12.8203	20.6522	4.97304	-2.84266	1.55159	3.25046	-1.02315	-3.95757	-1.30265	CDX	EAS
HG00851	-19.7004	9.59159	19.1277	2.07329	11.3289	-7.25281	1.93877	13.8729	-2.24405	-7.29412	CDX	EAS
HG00864	-17.307	10.7471	18.7824	-1.77098	5.05079	6.46978	-1.6833	7.24822	6.7366	1.1384	CDX	EAS
HG00867	-17.2945	10.2619	16.2471	-10.5035	2.57062	-5.23083	-4.5126	-3.54799	-2.76198	-9.54862	CDX	EAS
HG00879	-21.4638	9.6381	15.4617	-7.8466	17.7365	-2.04077	-5.3429	7.66161	-1.18101	-14.2135	CDX	EAS
HG00881	-21.4009	10.6989	23.5771	4.15919	5.22727	-12.2802	15.1834	7.4898	-16.8439	-9.27649	CDX	EAS
HG00956	-17.5456	6.02117	6.88987	-1.88583	8.14111	-21.9127	15.3819	16.5993	-3.17421	13.958	CDX	EAS
HG00978	-14.9095	7.70186	13.0961	5.96651	-7.30139	4.03426	4.675	3.8442	3.23204	-3.39656	CDX	EAS
HG00982	-20.6474	9.59022	13.5548	1.996	19.9186	0.140067	5.42017	1.96523	3.12556	2.78925	CDX	EAS
HG01028	-20.8235	8.68642	10.743	1.77531	-10.3425	-9.13032	5.82268	7.39532	4.80985	11.5166	CDX	EAS
HG01029	-21.4813	12.1238	13.6846	-3.27939	3.01746	-0.347008	-1.18334	-0.391308	6.65012	1.39608	CDX	EAS
HG01031	-21.1695	11.9573	13.6011	7.2509	6.97279	-8.254	2.19704	2.02344	-4.62322	5.61291	CDX	EAS
HG01046	-17.81	10.3845	3.63627	3.76937	5.51278	1.42215	-2.02772	12.372	12.1365	8.50422	CDX	EAS
HG01595	-11.1362	7.22999	-10.8669	11.292	-6.21154	11.161	-0.416013	3.245	4.25298	-6.1883	KHV	EAS
HG01596	-16.4616	3.32385	-8.67423	-2.22832	-3.60187	-0.549628	8.64602	-4.46154	-15.6536	5.97815	KHV	EAS
HG01597	-16.3919	7.94697	-8.73336	-10.5005	-2.21161	18.6442	-3.24517	-2.96609	-14.382	3.98723	KHV	EAS
HG01598	-14.4752	8.47602	-8.38171	4.74634	12.474	-0.0778821	-5.94999	-5.35148	1.17894	1.2297	KHV	EAS
HG01599	-12.2753	6.20836	-3.6793	-13.9604	-13.8872	2.27542	3.05488	18.6841	-6.63367	2.41014	KHV	EAS
HG01600	-15.8166	1.93976	-11.8919	-7.26433	3.26497	10.4373	0.604906	-2.16751	-5.15699	9.51309	KHV	EAS
HG01794	-20.8528	7.85027	1.50798	0.900097	-9.23659	-4.76411	-4.84898	2.24206	16.9752	0.582643	CDX	EAS
HG01795	-18.4809	11.5543	-4.50098	11.0287	-7.77718	-14.9387	6.71336	11.5184	-2.64538	-14.5728	CDX	EAS
HG01796	-21.0634	11.0896	13.3987	9.23803	-4.97828	-0.363533	-6.65049	-0.473048	10.0047	9.97776	CDX	EAS
HG01797	-22.0809	11.6896	4.81127	-2.49366	-1.59943	0.26436	4.73466	-9.61463	2.49473	7.83768	CDX	EAS
HG01798	-0.541741	-4.1596	-1.87644	-2.48834	5.63658	-8.30766	-8.50052	-9.07042	-4.79953	0.765227	CDX	EAS
HG01799	-18.3498	10.7069	3.99445	0.500408	-17.7945	-11.6796	6.04472	-5.97589	8.73624	2.36537	CDX	EAS
HG01800	-18.8752	9.31114	17.5487	6.33454	-6.05681	-4.3798	-4.08831	-1.64257	-3.90414	6.73883	CDX	EAS
HG01801	-20.4962	8.65289	13.5418	-11.3379	-0.932072	-6.23462	-4.63776	-7.81563	-9.83698	2.57343	CDX	EAS
HG01802	-16.1223	7.00836	5.35923	-5.0401	-5.7813	-9.46394	-4.86175	6.4327	3.88524	-7.01366	CDX	EAS
HG01804	-21.4546	6.76348	7.81934	-1.25183	10.4859	6.8934	3.40228	1.23819	-3.14009	1.70769	CDX	EAS
HG01805	-17.1944	8.59122	5.62122	1.11563	1.90906	1.15625	7.80538	-7.57554	-2.8616	3.22959	CDX	EAS
HG01806	-21.3974	10.2898	-3.6414	5.07325	-4.03557	-16.3227	-7.17372	6.58236	1.28848	-7.93397	CDX	EAS
HG01807	-18.9067	16.0285	11.6133	6.37512	9.18307	4.22901	-5.95699	-18.0539	-6.94917	18.8251	CDX	EAS
HG01808	-16.9614	10.7066	8.65263	-2.17273	1.47036	-10.987	-13.7746	4.57511	-15.4428	-9.91502	CDX	EAS
HG01809	-20.7364	7.20277	7.25769	3.314	7.00514	14.958	-0.831401	3.83777	8.82745	-2.79806	CDX	EAS
HG01810	-20.19	9.23691	11.9594	8.23765	-0.32492	-18.6301	-2.56658	-0.858981	-8.98893	2.85775	CDX	EAS
HG01811	-21.8975	11.202	8.19403	12.0805	0.268047	-2.41808	-4.25851	7.87561	8.02686	-2.35194	CDX	EAS
HG01812	-19.7895	11.2059	-1.09149	8.92168	-7.96193	-6.44815	-0.499414	0.765473	20.6345	-2.40108	CDX	EAS
HG01813	-17.6361	7.58992	6.0876	7.69971	17.5472	-0.484174	5.52763	-3.77485	20.9497	6.43669	CDX	EAS
HG01815	-20.4751	11.0605	5.69634	-7.72482	-9.47818	4.05974	18.7988	-7.97395	10.7004	-0.0205726	CDX	EAS
HG01816	-19.6545	11.2337	1.69636	11.0213	13.0191	-22.9714	-16.642	5.8869	10.1621	9.25671	CDX	EAS
HG01817	-19.0467	10.7659	9.62688	8.18033	-2.52889	-0.878565	-3.61644	4.73064	4.35244	11.4207	CDX	EAS
HG01840	-14.7485	6.08078	-7.71039	6.94689	-2.36606	-1.18497	-1.7303	0.798335	-9.01432	1.05951	KHV	EAS
HG01841	-18.0183	6.6636	-17.0465	9.52963	-4.22005	-2.01973	-3.31099	-0.936778	8.83421	-3.70602	KHV	EAS
HG01842	-15.533	5.33918	-15.6231	3.99391	0.0593862	4.45236	4.19012	-10.9308	5.38304	-1.60967	KHV	EAS
HG01843	-16.8584	9.42737	-4.81755	-0.689013	12.0569	11.4354	-5.98579	-0.0604115	-8.41452	7.38532	KHV	EAS
HG01844	-13.4959	4.79108	-13.5419	7.52119	-2.18705	2.65429	0.230383	-3.34954	-17.3981	2.21064	KHV	EAS
HG01845	-14.5023	3.35348	-11.5331	-0.886894	-18.0085	3.46088	-6.65173	8.56992	-22.3924	-6.30674	KHV	EAS
HG01846	-16.1445	6.27484	-19.5008	0.140191	12.2737	-0.245968	-6.9641	-9.5406	1.89732	5.60513	KHV	EAS
HG01847	-16.6487	6.87343	-11.4922	5.15257	-6.87841	12.441	10.1187	2.90348	-11.3654	-2.93582	KHV	EAS
HG01848	-15.9352	4.55377	-4.69249	-8.34284	-5.39165	-5.0635	1.92071	-3.02578	3.47584	0.807924	KHV	EAS
HG01849	-17.3243	9.22258	-6.57605	3.03203	5.04438	6.56259	-1.78505	-7.12963	5.62304	-9.03262	KHV	EAS
HG01850	-16.2627	10.2249	-15.9477	-6.05621	-6.31797	7.84781	-2.33192	-0.418887	-4.57278	7.25166	KHV	EAS
HG01851	-16.8933	11.4823	-5.85864	-5.7322	4.20291	-0.554004	-9.66526	3.72879	-12.8432	0.454008	KHV	EAS
HG01852	-14.2579	3.35599	-16.3293	-1.61897	-10.9204	-3.44931	-0.601656	-1.49573	-9.83302	7.13809	KHV	EAS
HG01853	-16.6876	9.32837	-7.67529	-8.94122	4.50977	3.90024	9.13781	1.63939	2.12796	7.49592	KHV	EAS
HG01855	-16.193	4.9541	-5.52586	1.16514	-11.2197	0.696564	1.23439	9.06575	-7.19246	-1.74559	KHV	EAS
HG01857	-13.4884	7.16761	-7.19592	11.1916	-0.436452	-2.3665	-6.13298	-4.52494	-16.6309	-8.92355	KHV	EAS
HG01858	-15.6321	6.79405	-4.63882	-9.58023	-9.14953	5.35351	-1.64442	-6.03602	-3.45797	-7.1343	KHV	EAS
HG01859	-15.224	5.54703	-16.9933	9.22736	-8.9753	6.60012	-12.8374	-9.12964	4.64421	3.04894	KHV	EAS
HG01860	-17.0863	6.28943	-7.60994	9.22771	7.17472	7.58497	-14.35	0.11127	-13.3576	0.39081	KHV	EAS
HG01861	-15.8214	8.31388	-17.9514	8.02478	-1.53176	6.09179	0.760165	-16.8959	-3.36895	4.61939	KHV	EAS
HG01862	-12.2826	2.07948	-2.95759	8.76883	1.3194	-4.77077	-5.35021	5.42809	-9.54194	12.0321	KHV	EAS
HG01863	-12.9967	4.35795	-13.3933	-3.79084	-9.65763	-2.1516	-10.3873	3.231	-12.1154	0.30375	KHV	EAS
HG01864	-14.7751	8.27121	-6.51772	-2.11307	8.33329	0.735877	-1.07176	-4.48045	3.4655	1.3841	KHV	EAS
HG01865	-13.4134	9.22039	-4.25	4.7835	6.4531	2.31208	10.6865	3.39648	-3.38639	-0.795912	KHV	EAS
HG01866	-16.0398	8.4536	-13.1123	-15.9816	17.0738	-4.7481	6.20144	3.76281	-6.62886	-22.1244	KHV	EAS
HG01867	-16.5267	8.88101	-8.49509	9.21802	-0.367024	18.0592	-10.1352	-6.80224	-16.81	-8.06759	KHV	EAS
HG01868	-16.7261	4.45667	-14.7296	-3.83035	7.88756	-2.43548	6.80294	1.36593	-10.9897	4.23514	KHV	EAS
HG01869	-15.2026	5.6015	-2.99173	-14.368	7.63229	8.75936	4.00451	4.47552	-6.64361	-3.37152	KHV	EAS
HG01870	-17.8133	8.04704	-2.31412	-0.986928	-2.10175	-8.10998	6.83032	2.84622	-6.11138	0.850306	KHV	EAS
HG01871	-15.3683	4.46038	-4.01192	-3.85245	7.82106	-5.42189	-12.1621	-6.74954	-14.751	-6.25782	KHV	EAS
HG01872	-9.80755	3.22132	-4.00216	-4.33536	11.3077	-0.983473	13.1062	-6.36196	-6.36222	4.62845	KHV	EAS
HG01873	-14.585	6.45777	-14.8641	5.79327	-1.07669	-5.41987	15.5955	8.32325	4.43021	7.74774	KHV	EAS
HG01874	-13.9305	10.4409	-24.5035	17.2899	-2.18684	-1.23069	-8.97739	-3.8992	6.97734	-8.87335	KHV	EAS
HG01878	-15.3129	9.86502	-12.9299	4.58352	-12.6912	8.19807	1.94425	16.7488	1.92989	8.611	KHV	EAS
HG02016	-15.9377	10.5147	-10.4731	-9.59142	4.96474	-2.98747	2.73197	2.76083	0.832074	10.6882	KHV	EAS
HG02017	-15.6367	6.42419	-9.73164	-2.69403	-1.17515	6.41712	2.84388	10.4689	4.66704	-1.33477	KHV	EAS
HG02019	-16.1413	10.1755	-9.13931	-8.7009	18.7932	6.01575	-8.92866	-5.4877	-6.34027	-0.371851	KHV	EAS
HG02020	-18.8343	6.63882	-14.7182	-9.0932	-3.276	-7.55603	15.5957	3.09531	-5.04693	-0.00223699	KHV	EAS
HG02023	-18.2158	10.2607	-6.54119	0.441158	0.141619	-1.89014	-5.71174	-3.19803	5.3856	-5.47941	KHV	EAS
HG02025	-13.3664	5.59443	-9.01485	8.27636	-7.27764	0.259477	-1.24751	-0.297455	-5.58717	-4.67551	KHV	EAS
HG02026	-16.8422	10.2236	-4.82967	2.16233	12.6551	1.44887	-2.55114	-1.18808	7.20725	-0.415491	KHV	EAS
HG02028	-16.7329	5.20301	-1.84804	0.99545	-4.31971	3.1006	-8.11116	8.72575	-4.22993	0.352858	KHV	EAS
HG02029	-7.86474	-1.02056	-9.8487	9.12371	7.16666	2.15426	8.41525	-3.51352	3.34768	-13.1487	KHV	EAS
HG02031	-13.4457	4.19209	-9.58486	-5.1721	-6.75131	6.71121	-1.06422	-4.04481	-8.28747	1.26988	KHV	EAS
HG02032	-10.0526	0.862932	2.88511	-4.13023	-6.88715	11.6701	1.40457	0.971569	10.8801	-6.30788	KHV	EAS
HG02035	-15.4551	8.57304	-9.55082	-6.10659	0.461741	-6.42873	-4.53538	-5.99915	-5.50152	-2.77446	KHV	EAS
HG02040	-13.9156	5.41714	-13.6044	-15.2525	4.94094	3.7309	3.2551	-7.96535	-9.55974	-0.0436667	KHV	EAS
HG02047	-17.419	7.17758	3.17235	-1.79092	13.9533	6.53734	2.4319	0.334062	-0.274107	-1.57395	KHV	EAS
HG02048	-16.1102	6.48443	-5.90549	3.3256	-0.494817	12.8724	5.64085	1.05375	8.86349	0.12613	KHV	EAS
HG02049	-17.8285	6.61339	-15.6431	-2.37403	17.7057	-0.824815	6.40625	-6.1142	-8.29852	-11.5991	KHV	EAS
HG02050	-15.0604	4.7322	0.352044	-3.65733	-5.06461	20.133	11.127	-0.264749	-12.2675	-5.42609	KHV	EAS
HG02057	-17.6532	8.5688	-15.0316	3.83859	-1.90653	0.977476	-17.166	-8.54354	5.16093	6.77596	KHV	EAS
HG02058	-13.8109	6.78697	2.99364	-15.4385	-7.14528	7.39597	12.1668	-10.592	-14.0544	14.4064	KHV	EAS
HG02060	-16.9398	8.80242	-8.03461	4.15595	-13.0059	1.79264	26.7627	-6.99966	-2.08854	0.178408	KHV	EAS
HG02061	-17.2158	4.74323	-10.9423	-2.63163	-5.99958	2.63141	16.9978	-11.8184	-6.36941	19.7807	KHV	EAS
HG02064	-13.0544	5.62639	-9.03292	1.26913	12.0071	2.93145	-4.13846	10.0266	-4.71245	-3.32942	KHV	EAS
HG02067	-14.1802	6.56466	-8.75482	-0.736256	-4.85779	7.02352	5.59282	12.049	-9.88324	1.09678	KHV	EAS
HG02069	-16.2063	9.0117	-9.83007	-0.275919	-8.70975	-0.259109	-21.3779	-1.08518	0.498653	4.24418	KHV	EAS
HG02070	-14.756	4.10707	-9.83892	-3.62202	-10.6437	5.49666	3.50698	-3.16828	-15.161	-12.4746	KHV	EAS
HG02072	-13.2248	6.3189	-13.9052	-1.79808	5.09857	-11.1941	6.80088	3.69913	-3.05777	-6.41275	KHV	EAS
HG02073	-13.0095	7.53052	-5.37196	4.05649	7.01222	11.6806	-0.330798	5.48733	-3.48739	-7.23459	KHV	EAS
HG02075	-14.2065	3.71383	-18.8379	-5.64966	-0.182267	2.3297	-0.856654	-2.15856	-0.185012	-2.99657	KHV	EAS
HG02076	-17.1906	8.69888	-13.5511	10.0585	-6.21159	13.2238	-4.81516	3.02592	-3.03909	-2.85877	KHV	EAS
HG02078	-17.7666	7.71102	-5.16687	-1.70212	-10.041	3.3112	4.09467	7.07302	-8.47072	-2.70278	KHV	EAS
HG02079	-16.6393	4.79942	-10.4486	11.0122	6.89753	-1.23156	0.426891	-2.07562	-2.97038	1.25449	KHV	EAS
HG02081	-14.6734	9.39627	-13.6543	-5.40525	-3.55875	14.7205	-3.34398	-4.65289	-2.70926	2.42947	KHV	EAS
HG02082	-6.7535	3.73757	-9.92715	2.86585	-2.62021	-3.62283	-0.0707661	2.24006	-10.3062	6.6225	KHV	EAS
HG02084	-14.277	8.58985	-9.91244	1.00416	-5.20165	10.9719	-13.0073	8.25475	0.508824	2.65644	KHV	EAS
HG02085	-17.2156	7.46347	-14.8906	4.91278	3.22969	10.3247	-6.98395	-5.45817	0.104027	2.90534	KHV	EAS
HG02086	-14.9708	10.9374	-7.48213	2.77558	6.23962	7.08241	-8.51121	1.1011	3.13084	1.29911	KHV	EAS
HG02087	-16.4903	3.78869	-7.68169	-8.24386	-4.85334	5.77666	-1.1601	-2.90824	10.8303	5.24448	KHV	EAS
HG02088	-16.6091	7.80963	-15.3387	2.44153	0.939843	-2.72565	10.0058	0.197971	11.0677	1.90675	KHV	EAS
HG02113	-16.3238	6.61279	-12.6035	11.5968	12.6919	-3.16504	6.33238	-6.22478	-8.12764	-8.72357	KHV	EAS
HG02116	-12.2064	4.78582	-7.74868	-1.94919	-6.09287	-3.25862	10.0433	8.74281	-3.65491	0.560278	KHV	EAS
HG02121	-14.783	6.06519	-10.0362	2.36152	-5.20114	6.74471	17.9403	4.34345	3.12604	-1.42488	KHV	EAS
HG02122	-9.76434	1.21973	-4.05354	-3.7311	4.31565	-12.5983	7.66703	8.1731	-0.603044	21.5935	KHV	EAS
HG02127	-14.6503	7.3322	-9.25203	9.56714	-10.4898	-4.33789	-2.74131	-4.50816	-6.98471	0.973096	KHV	EAS
HG02128	-13.6397	6.66699	-19.492	7.56152	2.41348	-10.0551	0.983729	-6.95949	4.44203	18.2884	KHV	EAS
HG02130	-13.4285	8.45527	-14.5029	-3.24408	-4.72674	2.3598	4.49755	-4.14067	-6.65086	-4.68	KHV	EAS
HG02131	-16.4403	6.74279	-4.43074	-7.0132	13.465	0.991103	19.6434	-18.6394	-14.2119	-5.60998	KHV	EAS
HG02133	-16.2466	6.70195	-19.3871	8.12584	6.21438	6.55066	4.6101	-17.6225	-11.5007	-1.12403	KHV	EAS
HG02134	-16.0093	4.03336	-8.06307	2.65783	-7.11931	1.53417	-4.13757	10.4276	-8.47838	3.8285	KHV	EAS
HG02136	-15.0349	5.50229	-7.43047	-4.1505	-11.2847	-3.40424	-2.89963	-5.07566	-3.08732	-4.24365	KHV	EAS
HG02137	-16.3575	7.74749	0.55714	-3.80839	-4.20592	4.64867	-5.06215	7.59165	6.49452	-7.31008	KHV	EAS
HG02138	-16.1171	6.93771	-8.37886	-16.8631	2.40435	7.86577	-7.27571	0.839673	0.612375	2.8344	KHV	EAS
HG02139	-15.9931	10.7054	-9.24415	-1.67519	10.2859	4.29175	-4.25927	14.221	-5.39006	-14.7232	KHV	EAS
HG02140	-13.732	6.82761	-11.3501	1.44377	-10.0544	2.95406	0.69032	3.37028	-1.43647	-8.77603	KHV	EAS
HG02141	-14.8531	8.25951	-0.920959	-7.18991	-7.5375	7.9532	0.245399	-5.519	-4.14136	0.436904	KHV	EAS
HG02142	-11.1658	1.65777	-15.218	-1.06498	5.09241	2.01461	3.60439	-17.3383	-5.02119	-3.02808	KHV	EAS
HG02151	-21.8361	12.4681	20.8459	0.141054	-3.93099	-5.2024	-8.42381	-3.71332	-16.6801	-13.6531	CDX	EAS
HG02152	-20.0335	9.6776	6.06158	3.65573	5.49584	5.13152	4.76824	-4.31942	-0.919281	11.487	CDX	EAS
HG02153	-19.8253	5.65243	10.9162	-3.98065	6.66088	7.17637	0.511862	9.73259	-7.15964	9.67243	CDX	EAS
HG02154	-17.9815	9.95161	7.6128	1.94015	7.47382	-18.2	3.73403	4.91365	3.9945	3.68692	CDX	EAS
HG02155	-16.7254	9.51137	-4.01748	-6.19809	-25.8996	-3.36229	-0.394924	-2.79904	0.0622151	6.73923	CDX	EAS
HG02156	-20.5158	11.2224	15.2197	14.1962	5.16352	-18.7901	11.8837	-19.0025	-1.78041	-8.34002	CDX	EAS
HG02164	-16.3668	10.3583	5.80903	8.53088	2.74421	-3.69024	10.782	3.43099	4.01436	11.312	CDX	EAS
HG02165	-16.5555	6.84619	4.38726	-7.76183	-8.05141	-11.2063	11.0496	-1.18332	5.94778	14.5445	CDX	EAS
HG02166	-20.6984	9.87504	6.56723	1.22353	7.21251	-5.85369	16.6232	-0.269311	13.565	5.60826	CDX	EAS
HG02178	-22.7717	9.91081	-3.24943	-8.85084	10.5051	-6.68124	4.38412	5.2369	13.2279	-7.78532	CDX	EAS
HG02179	-18.7604	8.37081	1.0156	0.00342417	-15.6547	-14.0669	3.28984	11.3691	2.45623	-13.4058	CDX	EAS
HG02180	-19.2761	12.1061	13.6293	-5.03495	4.32614	-13.9744	-13.6226	2.36376	-9.39928	-9.02609	CDX	EAS
HG02181	-22.3209	7.67911	7.22181	-7.55983	0.328476	-6.58977	-8.95224	1.90144	-1.47564	0.631025	CDX	EAS
HG02182	-20.3709	9.91688	9.40288	6.5772	-0.0179716	-12.7929	-0.0284236	-0.524701	-7.38568	8.09156	CDX	EAS
HG02184	-20.3058	9.15564	0.622126	0.479422	10.0085	14.3205	5.22863	-5.47864	7.93377	-18.2063	CDX	EAS
HG02185	-17.5735	9.0296	2.7004	-3.89048	9.58486	-12.0581	6.98841	6.82192	7.08729	-14.5767	CDX	EAS
HG02186	-17.2282	7.76514	6.62055	12.3566	-1.91935	-7.94817	4.62727	5.45616	-8.18965	-0.32685	CDX	EAS
HG02187	-22.3344	8.577	5.87183	2.38676	-4.06306	5.04934	-4.85728	-1.78914	2.55659	-2.0073	CDX	EAS
HG02188	-20.8727	11.2711	9.38053	-2.54834	8.92101	11.9781	-4.48222	-5.64607	-4.67947	-7.08006	CDX	EAS
HG02190	-19.2626	10.8515	8.06083	-7.59831	-11.46	-10.3092	-2.47672	6.90224	-4.27346	5.50791	CDX	EAS
HG02250	-19.2091	7.4137	4.44229	12.9769	-3.08243	-5.6959	-3.90916	8.84528	-1.57736	-2.75877	CDX	EAS
HG02351	-21.317	13.005	11.6584	-0.707639	-4.2126	13.3371	12.2286	-4.07038	4.96498	-1.61647	CDX	EAS
HG02353	-22.114	9.83679	11.9299	1.90138	-2.59541	4.32477	5.05689	-9.81403	7.05104	-25.2441	CDX	EAS
HG02355	-19.5272	8.7565	10.6609	-0.705735	-5.69749	-13.1742	-3.32439	-1.82256	-10.3438	-1.38198	CDX	EAS
HG02356	-22.5893	9.31493	12.3715	5.0215	-14.6094	10.9624	13.3809	-6.19312	7.89218	-21.094	CDX	EAS
HG02360	-17.6464	11.8777	-0.75654	2.76061	-18.7592	-9.53185	2.80294	5.4844	8.59339	-7.95966	CDX	EAS
HG02364	-22.076	11.0808	2.40512	-1.39139	21.2277	1.18072	13.9684	7.71472	3.00701	-11.3679	CDX	EAS
HG02367	-22.0366	11.1515	17.1142	1.07291	6.15811	4.55814	4.56941	0.222118	1.74507	3.07534	CDX	EAS
HG02371	-22.1409	7.29939	1.15383	-8.20607	-0.0150063	0.648257	13.2069	2.94518	13.319	3.63971	CDX	EAS
HG02373	-21.2462	11.1655	8.02143	-4.02378	0.0423619	8.74275	5.67382	11.7177	-3.83791	0.600011	CDX	EAS
HG02374	-19.7497	9.37395	10.9495	-18.7996	6.18871	-9.60829	13.0472	-3.21109	14.8076	8.69324	CDX	EAS
HG02375	-22.2155	10.2087	11.1069	-1.47351	-3.09529	5.45079	-5.96332	-2.4519	15.6435	4.30722	CDX	EAS
HG02379	-21.1761	11.3186	13.7442	-0.632118	-1.12392	16.9574	9.10926	-11.7799	9.33868	-27.9422	CDX	EAS
HG02380	-19.2182	10.1276	15.8822	10.4347	-0.921852	-18.3943	0.468643	-16.0346	-3.08215	-9.37116	CDX	EAS
HG02382	-20.0959	8.96582	3.31884	2.3071	-1.25586	-2.08323	12.4412	-2.43559	8.87796	11.4804	CDX	EAS
HG02383	-22.3133	12.1913	8.2407	3.72699	-6.14089	-4.63162	1.89806	2.96709	13.4155	14.0318	CDX	EAS
HG02384	-20.5328	9.06076	2.15833	1.46155	0.449943	4.2974	3.04381	12.0556	2.13692	-3.50322	CDX	EAS
HG02385	-21.18	9.20397	14.1583	-0.13777	4.9441	5.25495	-6.60579	12.2177	5.47228	-8.50245	CDX	EAS
HG02386	-16.2138	5.74967	-4.45725	7.79939	-6.83488	-5.05083	-0.211978	-0.437361	4.61107	-15.4061	CDX	EAS
HG02389	-17.3121	6.39442	3.37022	5.26584	-4.72445	-12.1722	12.567	8.47901	-2.33533	6.98924	CDX	EAS
HG02390	-19.9034	10.8804	8.31461	-1.72056	3.15872	-0.818472	0.00131356	0.508407	1.33153	0.357888	CDX	EAS
HG02391	-21.4953	12.542	-0.0596293	-4.83721	6.22416	-13.1852	-6.02293	4.17687	3.97135	-3.26084	CDX	EAS
HG02392	-19.638	8.94151	-1.42473	0.521116	4.74804	-15.6108	-3.50268	-1.17499	5.26564	-4.14758	CDX	EAS
HG02394	-19.8101	9.97511	4.29375	2.07485	13.8855	5.62153	3.43372	14.0704	5.21735	-7.7636	CDX	EAS
HG02395	-20.0792	8.14602	11.633	2.24241	-13.6227	-9.73543	1.18124	-7.344	1.13284	0.198317	CDX	EAS
HG02396	-21.4469	11.5987	8.10485	9.10314	11.8211	0.237859	-4.85869	4.67378	3.7375	-1.42161	CDX	EAS
HG02397	-18.0442	9.86264	-0.492613	0.671217	0.4356	-14.0999	-0.117429	13.4207	1.18117	0.672542	CDX	EAS
HG02398	-18.04	7.74151	12.9264	5.23135	-6.87321	3.45815	-7.69066	4.90383	-11.0674	7.37334	CDX	EAS
HG02399	-21.6337	13.0416	2.12325	3.33701	-1.22226	-1.67346	-3.25628	-1.4246	-5.44597	-0.742996	CDX	EAS
HG02401	-19.2722	11.0487	10.9898	-13.5177	5.03924	-4.50387	2.59294	-12.4962	2.46691	-3.71971	CDX	EAS
HG02402	-21.8315	10.0102	17.7044	0.366409	-7.04952	7.54695	-2.86057	5.1105	13.3345	6.52058	CDX	EAS
HG02406	-19.3856	8.72047	0.244576	0.923854	-0.891195	-4.83551	0.00570737	-2.49409	3.77275	5.23811	CDX	EAS
HG02407	-19.1509	5.60179	-0.477674	4.20636	6.20174	-8.62018	3.56168	-1.61134	-2.69031	14.8674	CDX	EAS
HG02408	-22.7495	9.27764	-0.901479	-2.65033	-6.23921	-13.6086	8.34521	13.8897	2.40557	18.1143	CDX	EAS
HG02409	-20.5026	8.32839	-0.121198	-3.14994	8.91967	2.71499	1.61842	9.4154	-1.81298	7.1858	CDX	EAS
HG02410	-20.9421	11.4824	4.93199	-3.16235	-3.96096	8.84572	2.61922	16.5446	-2.2038	-14.1842	CDX	EAS
HG02512	-12.8974	7.06305	-7.40881	4.4076	14.0976	12.3435	-2.04658	4.38537	-6.36052	-15.4125	KHV	EAS
HG02513	-18.789	8.24857	-2.4751	-0.689657	10.7705	19.4673	-0.064231	-4.43685	5.08163	-12.3447	KHV	EAS
HG02521	-14.5526	10.3359	-7.54046	0.875471	3.07362	-6.22074	7.60204	1.12224	-3.9782	4.65302	KHV	EAS
HG02522	-17.1559	6.7072	-16.6852	6.00153	-10.2023	3.89173	5.29372	-8.22074	-10.3752	3.27706	KHV	EAS
NA18525	4.13838	-11.3235	-0.770341	-1.33553	5.94468	1.31477	16.6971	9.66181	-1.924	12.6931	CHB	EAS
NA18526	0.73577	-8.73337	4.45054	10.6927	0.419904	5.06199	-2.89242	-5.4648	-6.85349	7.9775	CHB	EAS
NA18528	15.499	-10.306	-12.7113	0.0430202	14.5125	2.25135	9.62988	16.7698	-1.16495	5.33982	CHB	EAS
NA18530	11.7972	-9.26551	-0.511967	-1.88852	4.41614	-5.08826	13.2014	-0.152474	-2.35226	-1.98039	CHB	EAS
NA18531	11.1768	-15.5933	-5.19346	12.5767	10.5756	-0.431205	5.27292	-4.00292	6.18779	1.66803	CHB	EAS
NA18532	6.76975	-8.72745	-3.2513	3.63404	7.54614	-6.32331	-1.27491	9.13271	6.2402	0.334686	CHB	EAS
NA18533	0.135441	-9.11027	-4.64809	13.7233	-4.25908	0.0695864	6.20461	-9.31814	2.9999	1.13014	CHB	EAS
NA18534	10.5042	-14.7386	-2.12167	-7.41292	15.4049	8.64156	8.64009	-0.260929	3.79898	-0.712519	CHB	EAS
NA18535	9.08969	-13.1701	-4.09039	-14.5265	5.02881	-23.1144	4.09952	5.88715	-6.25647	3.69427	CHB	EAS
NA18536	1.98133	-10.5825	-6.81925	0.236519	6.39149	-9.21589	-14.5103	-0.238584	-2.38419	-0.67915	CHB	EAS
NA18537	9.95308	-10.4169	-6.7256	0.0780349	-4.19373	-5.21112	4.31065	4.1315	-9.06629	2.3894	CHB	EAS
NA18538	10.9443	-14.6086	-3.57486	2.65224	3.83825	4.29956	-2.07332	10.925	13.7119	6.47622	CHB	EAS
NA18539	13.3544	-14.5044	4.75746	18.6075	6.50547	-6.65614	6.76521	1.51837	-8.54812	7.51815	CHB	EAS
NA18541	11.7489	-18.2459	4.63865	4.35402	4.04978	-1.22541	7.59728	5.67782	-3.30529	-5.53219	CHB	EAS
NA18542	12.4736	-13.1123	-4.23538	6.67458	-1.85036	7.04215	7.74567	-0.489179	-11.4203	-5.82057	CHB	EAS
NA18543	-0.190057	-7.76508	-5.87541	8.54346	-3.74089	-1.00054	1.25505	-0.676302	2.62389	-0.362892	CHB	EAS
NA18544	10.7881	-13.3474	-4.61103	-1.3916	-0.19117	-6.57613	15.9027	8.00662	6.77609	-3.56422	CHB	EAS
NA18545	1.40529	-4.89591	-0.0523838	7.63528	2.88805	6.00946	1.14561	1.48983	5.24239	-3.41139	CHB	EAS
NA18546	10.6441	-15.3515	0.844717	-5.36483	-2.82918	3.87606	6.93437	7.97155	1.14352	-13.7671	CHB	EAS
NA18547	11.3816	-13.1012	6.31575	-1.87497	-2.66118	6.99763	1.90045	-2.15774	-6.49807	-7.12915	CHB	EAS
NA18548	9.72997	-12.0293	-5.95022	-5.86009	17.2168	-3.30774	3.65564	13.2109	-3.3741	-7.86123	CHB	EAS
NA18549	2.02956	-7.23131	2.9085	2.51176	-2.95434	0.861932	8.43277	-4.23091	-7.6918	-4.33192	CHB	EAS
NA18550	-12.0212	-2.76963	-5.88775	-0.472761	10.8277	-1.09496	-4.7393	7.6091	2.38878	12.849	CHB	EAS
NA18552	3.99837	-11.3988	-4.3656	0.697163	7.41121	-1.17578	16.8915	6.74723	5.13672	4.87839	CHB	EAS
NA18553	7.62127	-7.44497	-3.8379	-8.4078	12.4242	-6.68756	8.92908	-3.04588	9.29292	-6.83006	CHB	EAS
NA18555	2.31534	-6.2744	-7.66739	6.70487	1.30812	-5.13786	2.29904	10.9114	0.868726	1.71341	CHB	EAS
NA18557	13.5488	-8.77706	12.6225	8.37658	-0.539222	-8.12874	-4.17263	0.922102	-0.394999	-10.9049	CHB	EAS
NA18558	10.3407	-13.8996	9.82939	-1.74387	-7.10301	7.15959	5.98731	14.4096	12.3473	-17.5895	CHB	EAS
NA18559	5.94003	-10.5577	2.11781	1.90531	6.65722	8.38583	1.64845	-5.93706	1.31625	-0.110347	CHB	EAS
NA18560	0.0888545	-5.59935	-0.216082	-11.4978	12.1589	7.25894	2.3923	8.28106	-10.4993	4.50295	CHB	EAS
NA18561	10.5676	-14.3782	0.896138	3.21034	9.05908	0.173954	-3.2673	-0.735724	-9.40465	2.10903	CHB	EAS
NA18562	9.98655	-14.1792	-11.7366	0.359208	-9.58124	1.28812	5.37929	22.1314	1.59885	-9.68444	CHB	EAS
NA18563	12.8843	-12.7453	-2.26755	-0.451845	4.75275	0.168922	-5.02802	8.26723	-1.06201	-3.88479	CHB	EAS
NA18564	12.3458	-11.287	0.805588	-0.596061	8.62321	-21.0734	6.72599	7.67585	-2.76763	-0.585927	CHB	EAS
NA18565	1.22819	-7.14485	-2.25629	-0.0748343	5.00235	14.0874	12.8209	9.72143	3.77386	-1.762	CHB	EAS
NA18566	11.4559	-11.5966	-0.260992	-14.6104	1.7846	-5.24601	-4.67505	1.99312	-9.74587	0.438223	CHB	EAS
NA18567	8.19265	-11.969	-4.85768	4.42936	5.10257	-8.10923	-5.79284	9.89484	-14.3484	2.87421	CHB	EAS
NA18570	0.43174	-8.40686	6.95247	-0.816914	-5.41674	13.6985	-9.35242	6.08929	5.91941	10.6251	CHB	EAS
NA18571	-1.64062	-4.28555	-2.74243	-0.941582	16.4961	-4.47625	-8.40407	3.87511	-2.24579	-2.53254	CHB	EAS
NA18572	11.1589	-14.2634	5.39774	6.40782	-3.2951	2.53803	-9.52041	9.70136	4.35959	-6.0362	CHB	EAS
NA18573	1.80733	-6.22931	-1.29163	14.4707	2.27574	0.0831481	-2.5962	0.370715	-2.59171	-0.994255	CHB	EAS
NA18574	10.0514	-14.7047	-3.34364	2.91411	2.95098	-5.55015	-2.75449	-1.01191	-8.54686	-5.37568	CHB	EAS
NA18577	6.15609	-11.9941	-5.89618	-4.28777	-5.70936	2.05215	-7.58287	-1.1744	4.58613	9.81696	CHB	EAS
NA18579	12.1511	-10.359	0.120066	-3.15277	7.832	0.682183	6.50532	-4.23778	-18.0121	-7.69312	CHB	EAS
NA18582	1.47219	-6.30514	-3.10397	6.31455	3.31383	-3.38653	-6.40853	12.5683	12.6662	1.12978	CHB	EAS
NA18591	-0.0040929	-7.23922	7.49282	-3.09107	7.20217	-1.94171	-2.79876	0.0502489	0.362108	-0.616225	CHB	EAS
NA18592	11.0211	-10.334	-7.73998	-2.50624	2.32049	-6.76073	11.8955	14.1787	-5.88955	-11.5158	CHB	EAS
NA18593	9.00249	-9.81005	0.453821	-0.724426	-4.46378	-3.21212	0.501726	7.30141	-7.52943	5.04018	CHB	EAS
NA18595	10.5183	-14.8454	2.75532	2.31188	1.73261	-0.66963	-6.9746	-2.02484	-0.736154	-1.14398	CHB	EAS
NA18596	13.3759	-15.0418	0.190485	6.28622	11.9187	-9.58433	9.79565	0.0485228	-2.08466	-3.96853	CHB	EAS
NA18597	10.5621	-11.7435	-8.83681	-1.62673	10.5171	-13.2861	9.34398	10.9747	14.628	-4.02757	CHB	EAS
NA18599	12.3868	-13.0933	-4.08184	0.496524	-9.54373	-7.6391	5.00067	5.33478	-10.3544	-15.0251	CHB	EAS
NA18602	9.40047	-10.0838	-8.61686	13.8699	-2.07682	13.4473	6.62788	-5.59499	4.64543	0.500057	CHB	EAS
NA18603	3.04876	-10.6818	-0.133817	-19.4182	1.97993	-0.238333	-5.66796	-5.52397	-4.21037	4.41443	CHB	EAS
NA18605	11.278	-11.4788	-9.71662	-3.35315	-1.77549	3.55272	9.88682	0.683785	1.4983	10.6115	CHB	EAS
NA18606	3.35629	-6.5161	-6.88442	15.2912	-3.31269	-0.650714	-10.903	5.63898	-5.63077	0.0577451	CHB	EAS
NA18608	9.04072	-14.3722	-1.91118	-1.18869	3.25051	5.0413	3.38218	8.86493	-7.73472	-4.60361	CHB	EAS
NA18609	12.4638	-18.3443	-7.56642	5.22991	3.31009	9.01511	1.35573	-0.462649	3.53737	5.23023	CHB	EAS
NA18610	7.69325	-10.9785	3.96244	-5.31458	13.5294	12.3396	-0.372444	4.46354	-6.90978	-3.60922	CHB	EAS
NA18611	10.5599	-9.43042	-2.11994	-1.12587	11.2445	-5.27873	13.1355	19.6476	0.842478	1.60918	CHB	EAS
NA18612	11.6405	-9.88604	-1.05329	0.875108	-5.09097	-5.60142	15.52	13.9819	-4.27638	3.81081	CHB	EAS
NA18613	13.5936	-10.6972	5.83669	6.07365	-2.10271	6.87633	2.86803	0.806708	4.24732	-3.57619	CHB	EAS
NA18614	8.40269	-10.4158	6.16555	3.21267	3.82391	-4.06918	11.5196	2.52523	-5.68258	-2.73227	CHB	EAS
NA18615	11.0269	-8.71117	-0.759154	0.615685	2.77568	-8.651	-8.93032	-2.66891	-7.64988	-9.66296	CHB	EAS
NA18616	2.71999	-5.53526	0.61038	7.16652	-2.84398	-9.84635	-0.304766	7.45955	0.288615	12.9198	CHB	EAS
NA18617	0.429976	-4.13666	-1.25797	-10.8133	16.4668	6.99682	-15.5053	1.14144	-1.12242	2.03563	CHB	EAS
NA18618	13.192	-9.98993	-3.57317	-3.89906	-2.57689	-2.65866	3.61065	-0.59734	2.68414	-12.9551	CHB	EAS
NA18619	12.6077	-14.4944	4.11813	12.1638	6.07058	-12.2812	4.58432	1.33931	-0.31444	-9.78237	CHB	EAS
NA18620	11.0972	-11.6988	3.69279	-19.3169	-10.5768	-5.68685	7.96744	7.63834	-3.18234	-2.26463	CHB	EAS
NA18621	13.1954	-10.8464	-6.49232	14.2105	2.68586	2.35971	9.05836	-7.70653	-3.85344	3.61791	CHB	EAS
NA18622	5.34615	-8.58917	2.19567	-5.23329	13.0478	-2.90724	14.4127	10.5261	-0.0564323	4.03371	CHB	EAS
NA18623	11.3145	-10.1601	2.06898	-6.72277	4.35437	3.06279	-6.98738	2.49449	-0.864421	5.05163	CHB	EAS
NA18624	8.57458	-10.7854	-7.84074	4.28162	-9.7067	-4.60216	10.1871	10.209	14.488	13.8853	CHB	EAS
NA18625	12.4412	-11.5047	3.25505	7.14655	-13.4277	3.9741	3.96086	15.3817	-6.83272	-0.211889	CHB	EAS
NA18626	12.3601	-10.8948	-7.78309	13.3908	3.10948	2.25804	3.79688	-3.19915	-6.61241	-5.32405	CHB	EAS
NA18627	0.200563	-4.07122	-6.40806	-2.39988	2.71916	1.07175	0.867932	7.17165	-0.0501299	-3.72239	CHB	EAS
NA18628	-11.07	2.79975	-2.28974	0.336154	-6.75505	9.24823	5.73312	6.27166	-2.89017	-6.60304	CHB	EAS
NA18629	4.01574	-10.5147	-6.23779	6.63887	1.80164	-3.53644	0.955198	7.45628	-3.4735	-1.82608	CHB	EAS
NA18630	-3.01596	-1.65868	2.77308	3.28855	0.741261	4.04828	-7.20134	9.12707	-13.112	10.8244	CHB	EAS
NA18631	3.95187	-8.38816	-5.97137	-4.28733	-2.15417	2.88237	11.652	3.9345	9.06287	-8.05239	CHB	EAS
NA18632	-0.840529	-7.27534	0.756653	-10.1064	-0.456353	-4.56319	-1.70087	2.36337	-5.95182	-5.65534	CHB	EAS
NA18633	9.19103	-7.21896	2.68851	-1.93894	11.4755	3.45026	-4.00377	-5.22743	10.3889	-2.26435	CHB	EAS
NA18634	3.43569	-7.81499	1.79631	1.11126	-2.08785	-5.81256	-9.04661	1.23933	3.44289	-5.43268	CHB	EAS
NA18635	12.949	-12.1414	-1.69104	1.14886	10.2501	-1.95273	10.8543	5.40941	-7.47703	-2.89842	CHB	EAS
NA18636	-2.8657	-2.73748	-2.40429	-6.40998	6.48553	-7.18297	-9.30825	-9.39662	13.9495	-5.27855	CHB	EAS
NA18637	4.56698	-7.53709	-3.12841	-7.42168	-4.59206	2.74729	3.83477	8.4405	10.2687	16.7591	CHB	EAS
NA18638	3.75999	-5.51045	-5.76242	2.29018	11.3864	-4.61648	5.89853	1.62254	-5.67926	9.71998	CHB	EAS
NA18639	0.185128	-5.21895	0.219563	4.19848	-7.31963	0.992004	2.39753	-4.06053	-1.54901	8.59794	CHB	EAS
NA18640	10.5066	-15.6666	2.17831	9.29781	-7.24314	-4.80066	4.85634	0.411462	-6.93949	-7.63705	CHB	EAS
NA18641	7.05649	-11.8898	-6.05308	-9.38601	5.42762	-4.80041	5.76714	-2.73515	-0.871377	0.915775	CHB	EAS
NA18642	12.6986	-11.2703	2.78157	0.651384	-2.6871	-0.679593	5.83748	9.39421	-3.47709	8.3294	CHB	EAS
NA18643	10.1266	-14.6651	-4.87176	2.14912	-1.19465	3.4904	-4.66234	7.06237	-0.417826	-5.58428	CHB	EAS
NA18644	3.53824	-8.20735	2.8513	-7.18222	5.12669	-6.06983	-6.8614	6.98707	17.3063	-8.20035	CHB	EAS
NA18645	2.07812	-12.5431	-0.28123	2.95768	-6.98703	12.8028	-8.42395	4.61044	3.66344	-5.62322	CHB	EAS
NA18646	10.3252	-14.2816	-7.01412	-0.542843	2.54675	3.3297	-1.44155	0.393677	4.86708	2.78072	CHB	EAS
NA18647	12.2149	-14.3867	-9.13446	8.85623	13.3361	10.203	7.5317	5.49794	2.38734	2.31725	CHB	EAS
NA18648	8.75402	-15.1723	-6.20411	4.29168	9.1384	-3.60401	18.3678	8.79767	-1.57955	-2.1572	CHB	EAS
NA18740	-1.43542	-2.58271	-3.9744	2.05327	11.8653	5.30173	-12.1088	9.80566	0.134735	1.3837	CHB	EAS
NA18745	12.9224	-11.6246	1.0569	-8.21655	12.8304	-7.41657	7.41829	8.179	-10.9425	-5.34735	CHB	EAS
NA18747	4.14906	-7.05477	-1.97038	7.91716	0.352311	-12.3022	2.42352	8.74624	-6.65108	-3.44854	CHB	EAS
NA18748	0.758071	-10.0901	5.57884	6.1129	-3.47837	11.9923	-2.35877	-0.825428	-5.25829	8.12438	CHB	EAS
NA18749	12.3699	-12.1654	-17.1815	0.935601	9.08161	-2.61501	6.87393	-2.95143	3.03661	2.15637	CHB	EAS
NA18757	11.991	-13.1999	-5.33033	-15.2421	8.52185	6.78915	12.6504	3.15433	16.6298	-5.25622	CHB	EAS
NA18939	26.711	15.7243	-3.69774	2.24605	-4.10976	0.196542	5.61917	0.0159712	-4.19485	10.3465	JPT	EAS
NA18940	26.5375	17.8484	-8.3943	-22.2658	5.07199	-14.3632	5.6775	-3.95437	12.8775	-4.54702	JPT	EAS
NA18941	24.8536	17.7466	1.75716	-5.84795	7.89549	4.05682	10.084	-4.31802	14.7741	-2.81826	JPT	EAS
NA18942	24.2376	13.8144	1.01207	2.34768	-0.999156	0.303807	6.65171	2.98482	-11.5033	-10.7338	JPT	EAS
NA18943	19.212	12.8997	0.026956	-0.371533	-0.737121	-0.279572	2.99968	4.09384	4.31177	3.30524	JPT	EAS
NA18944	28.5867	18.4459	6.19318	-1.2088	1.62793	4.50838	3.84544	6.60058	-10.8683	1.48463	JPT	EAS
NA18945	24.8748	16.4646	-8.28592	1.97758	-2.7627	-8.52912	-5.80145	-3.89507	1.39025	-6.29016	JPT	EAS
NA18946	25.2683	15.2455	2.62943	-0.166416	8.93075	1.60066	8.25822	5.15475	10.4457	6.46632	JPT	EAS
NA18947	25.6935	18.5569	10.0491	-1.33636	-2.25727	-0.319247	-0.055861	-9.48016	-0.261194	2.16965	JPT	EAS
NA18948	27.5083	16.0004	4.00319	7.58051	-7.90748	1.3978	-3.82964	4.45421	9.86979	0.19949	JPT	EAS
NA18949	27.8065	18.3366	-1.74095	5.60663	0.0731431	-2.46759	1.3756	0.87996	-8.12163	10.4403	JPT	EAS
NA18950	26.5454	15.5471	6.69252	3.91068	0.987535	-3.1055	7.02889	-0.421197	10.7129	-1.03792	JPT	EAS
NA18951	24.5413	11.8724	-2.98382	-11.9309	-1.10028	-7.74645	-1.74246	-2.06504	-8.47424	-5.64956	JPT	EAS
NA18952	24.4979	13.4276	0.251361	2.32592	-0.787748	-9.70277	-7.26244	-8.2416	1.94723	4.58815	JPT	EAS
NA18953	22.3001	13.5308	8.27675	-8.98761	9.83663	10.6665	10.3425	12.6547	1.00718	5.84938	JPT	EAS
NA18954	20.7713	12.5462	-5.90168	-6.30359	1.15386	-7.36411	-3.71523	1.68503	2.23917	3.82022	JPT	EAS
NA18956	27.7712	15.0211	-4.21261	1.71691	-0.105446	8.59753	-7.78339	0.316204	11.2471	8.84908	JPT	EAS
NA18957	28.5817	16.8894	-2.94641	-2.9902	-9.2203	-7.09803	-2.57489	-1.51525	5.78298	-5.50192	JPT	EAS
NA18959	24.4163	12.546	5.96707	-9.15517	-7.94461	-1.14088	-1.72636	2.68771	-6.79202	5.82929	JPT	EAS
NA18960	24.6479	15.3083	3.27328	-5.82937	1.63899	10.4428	-0.732478	-17.2161	1.11553	9.90723	JPT	EAS
NA18961	28.0668	16.4779	8.77116	-2.39962	-10.3048	10.2365	-0.563638	5.33499	5.53019	-6.18002	JPT	EAS
NA18962	26.013	13.7984	-9.96942	-4.41434	0.14255	-3.13434	7.1136	-4.46384	-6.39245	1.54114	JPT	EAS
NA18963	25.6097	18.9514	3.4801	-3.26206	-6.10031	4.02038	1.66829	3.84369	5.05448	6.32329	JPT	EAS
NA18964	25.9288	18.5256	4.80907	13.2181	2.24222	-5.28536	4.38404	-0.562663	2.44198	-4.93973	JPT	EAS
NA18965	24.0871	13.6623	-1.35264	-5.41132	-13.1472	-3.38751	3.12331	-8.18431	4.97201	-2.61416	JPT	EAS
NA18966	27.6336	18.4285	-5.74183	2.16526	-7.2179	-0.504367	-1.58249	5.7962	0.00629479	9.00014	JPT	EAS
NA18967	22.8626	19.1346	1.03126	-3.49191	-7.56342	-0.020851	6.29619	-10.9462	-4.99513	-1.38384	JPT	EAS
NA18968	27.5058	17.7834	2.8859	0.348114	-13.0983	-5.24489	-6.56085	-1.51369	5.16215	-7.85075	JPT	EAS
NA18969	27.1208	14.6321	0.46239	12.2492	-0.450975	-2.52425	3.76729	-6.32114	-6.68798	-1.20735	JPT	EAS
NA18970	25.1415	19.1063	-5.71969	-8.99261	6.19674	-3.24639	-7.8129	14.2663	0.144351	0.137955	JPT	EAS
NA18971	27.0669	13.2951	7.54478	5.82592	2.50302	11.1284	-5.70359	-9.92323	0.701116	4.74345	JPT	EAS
NA18972	26.9789	12.3237	7.37201	-5.53989	2.48241	-0.524601	7.22902	-6.03726	-1.90652	-6.7896	JPT	EAS
NA18973	25.4245	14.6023	10.0807	-2.63191	-7.17016	-0.432267	-11.8938	-2.11774	-1.18641	6.89545	JPT	EAS
NA18974	23.2237	12.2532	-2.78203	-20.3841	1.0533	7.67178	-1.33453	-5.69685	8.83642	0.085582	JPT	EAS
NA18975	29.0024	19.6453	0.898011	-7.19286	-3.77299	3.96809	-3.81531	-4.74368	3.75933	1.22618	JPT	EAS
NA18976	18.8271	1.66234	-1.95782	1.54272	1.10148	0.594661	15.2968	3.34907	-6.49124	-9.48969	JPT	EAS
NA18977	24.5287	17.2418	4.84247	0.163192	7.28745	12.2727	-2.80498	5.89872	-5.94861	-6.92667	JPT	EAS
NA18978	27.8492	19.5809	-1.14634	-4.00775	0.140162	2.9015	-3.1809	3.10419	1.87728	-6.52364	JPT	EAS
NA18979	22.5341	12.0219	-1.5948	11.2071	-12.8656	-2.98646	-0.123089	3.36992	-3.00986	-5.54593	JPT	EAS
NA18980	23.3114	9.98673	-11.3081	5.6892	1.56961	-1.34508	-4.35035	-15.8726	-5.03105	-1.1346	JPT	EAS
NA18981	24.6348	14.2031	2.89989	-12.8171	5.69505	3.37201	-7.17648	-0.236183	-4.63437	8.62759	JPT	EAS
NA18982	24.4101	16.7704	0.142791	1.06546	-10.7419	-11.4286	11.3528	-0.729823	-4.65793	10.1269	JPT	EAS
NA18983	26.431	16.5726	-3.32994	5.37989	5.68869	-2.07471	-6.11593	13.1927	-1.52587	1.52247	JPT	EAS
NA18984	27.0901	19.3484	-2.14474	3.91798	7.75236	-4.94515	-8.90834	-5.68223	-6.12329	11.9074	JPT	EAS
NA18985	25.5934	10.9069	7.68052	5.20226	-5.92163	0.606886	-5.23856	12.9863	-4.74305	4.36607	JPT	EAS
NA18986	24.905	15.6276	2.18194	4.38543	0.268607	0.782827	-4.29752	-0.635004	-3.23776	7.96815	JPT	EAS
NA18987	25.1907	14.2126	-2.61096	-2.19534	5.6375	-7.58235	-0.0410478	-12.8673	-3.59371	6.71648	JPT	EAS
NA18988	26.0942	15.1744	-1.91751	-17.9955	12.6486	-17.9217	-3.426	-4.28292	12.0622	-0.146873	JPT	EAS
NA18989	27.3897	14.2936	-1.92893	-0.0890298	-5.17025	-18.4008	-2.46601	-9.64252	1.91549	-3.46104	JPT	EAS
NA18990	23.587	8.87604	-1.17592	-14.2706	12.1352	-2.22668	-6.33362	-3.35177	2.65047	-8.78758	JPT	EAS
NA18991	24.8756	12.9986	1.13331	3.90729	2.23986	1.23663	-12.438	8.22266	4.43569	-6.76183	JPT	EAS
NA18992	28.5692	16.2577	-5.91255	12.3255	8.65143	5.51772	-3.89102	-5.60265	3.75802	-3.87708	JPT	EAS
NA18993	24.8175	12.9839	1.31236	-3.3067	3.09011	-1.28144	-8.40614	5.33491	-2.19639	-15.1925	JPT	EAS
NA18994	27.1182	13.8887	5.92277	-10.3948	-10.5524	1.82392	10.5833	-13.933	-7.63709	-4.90828	JPT	EAS
NA18995	23.6993	14.2362	11.4971	0.204846	-9.16503	11.5423	11.695	5.8268	3.28611	17.6365	JPT	EAS
NA18997	27.2674	13.2691	-6.02239	1.83096	-3.63128	-2.19034	-3.20487	7.75499	0.69924	2.0184	JPT	EAS
NA18998	27.9236	15.8787	2.04584	17.3697	11.1199	-4.72674	-7.38649	6.91065	4.42423	6.45225	JPT	EAS
NA18999	23.1821	14.4185	6.68833	3.24002	7.1893	9.38896	1.9716	3.60596	-0.93254	1.18321	JPT	EAS
NA19000	26.9126	17.4039	5.74718	9.85202	2.21276	-5.44196	-3.77492	3.44409	-2.11794	5.5712	JPT	EAS
NA19001	24.2292	9.82412	-5.91378	-4.24633	0.712738	0.00692745	-0.585063	-3.06545	2.85123	4.80249	JPT	EAS
NA19002	26.4847	17.2471	-8.07115	6.83894	-2.78575	-3.27678	0.256738	-5.13162	2.66627	3.94797	JPT	EAS
NA19003	27.7669	14.4043	-1.62459	2.7303	-0.511465	14.6118	-6.43234	-3.07425	3.46738	-4.82417	JPT	EAS
NA19004	24.2488	13.9086	9.1643	10.0014	3.09734	-2.16704	3.62813	-5.73211	-8.2865	-0.60301	JPT	EAS
NA19005	24.9607	12.6047	4.66075	8.86301	-3.75099	-1.37675	4.66949	5.56565	5.434	-5.73196	JPT	EAS
NA19006	25.7012	15.2013	-6.55366	9.26551	2.33317	0.598106	-3.17819	5.07171	-5.23637	6.69353	JPT	EAS
NA19007	23.8655	15.6787	1.28144	-0.4123	-7.07585	-3.114	-10.9992	9.17169	0.025229	2.3463	JPT	EAS
NA19009	22.3594	9.20438	4.16253	-5.50695	-12.4973	0.614448	-5.05326	-9.54824	-9.23657	3.05897	JPT	EAS
NA19010	26.3994	14.5621	4.26993	-15.4492	-2.60169	-6.16357	0.494155	-4.26451	-3.76524	10.3376	JPT	EAS
NA19011	25.8103	18.744	9.27614	0.719485	1.51444	8.15149	-4.93604	0.817795	-18.3049	1.86981	JPT	EAS
NA19012	27.0265	20.5575	-12.3423	-19.7131	36.71	-6.46401	-9.40063	-14.8628	17.4497	8.34215	JPT	EAS
NA19054	27.8945	14.1722	-2.12912	9.14346	2.36607	-4.67002	2.17838	-3.01707	-5.7285	8.47545	JPT	EAS
NA19055	27.9795	12.2078	-1.02333	2.41068	-0.502155	3.7097	10.9752	-2.49784	-14.0858	2.17806	JPT	EAS
NA19056	25.9001	15.6285	0.165508	-9.12623	1.23686	-6.2675	-3.52135	-7.41709	2.79312	-2.48366	JPT	EAS
NA19057	24.5245	16.8469	5.84162	-1.37031	-1.11295	5.4322	-7.84447	8.3068	-11.9319	1.51475	JPT	EAS
NA19058	25.3158	15.1611	-4.61839	7.70181	1.18726	2.46438	4.4488	-4.4724	-2.39286	-14.5364	JPT	EAS
NA19059	26.4745	17.8237	-6.80938	-4.22303	2.67138	1.6075	1.01365	12.8867	3.61896	-4.84784	JPT	EAS
NA19060	27.5551	13.0746	4.00351	27.1963	-1.11328	-2.00003	-4.30553	1.62983	-5.73492	7.26132	JPT	EAS
NA19062	21.0162	11.9403	0.47429	-9.96312	-18.0749	10.231	-4.12623	10.4527	5.88451	1.05248	JPT	EAS
NA19063	24.7641	21.4427	4.00282	8.40669	2.75834	-0.784178	-5.57437	-5.71615	6.15062	4.29483	JPT	EAS
NA19064	24.4057	10.7172	-3.08641	11.3495	9.0247	0.194439	4.37012	5.57012	-3.86909	-14.0979	JPT	EAS
NA19065	26.9636	17.0793	0.07947	3.16946	-8.42813	-0.0884519	-1.05268	2.29632	8.1927	-10.9049	JPT	EAS
NA19066	23.4032	13.9886	6.15572	-8.70443	-4.49076	-2.70408	-3.5774	-6.87966	10.0822	1.2847	JPT	EAS
NA19067	24.8681	17.1375	-4.49828	7.23841	2.29608	-4.34401	13.7369	-5.03227	10.6539	1.93027	JPT	EAS
NA19068	21.2407	13.1891	1.20206	-4.12905	-7.81648	-2.31753	1.50372	-4.45426	4.82784	-1.89054	JPT	EAS
NA19070	22.93	10.9326	0.384278	-0.460162	-3.63215	0.298934	12.8504	1.46265	11.6176	-12.3639	JPT	EAS
NA19072	23.4387	11.2572	5.63663	-13.6259	-11.991	5.64943	3.19541	6.43925	2.99758	-1.59919	JPT	EAS
NA19074	22.5038	14.3354	-1.82317	16.048	-3.36964	6.85961	-3.54607	7.514	10.0441	-10.3128	JPT	EAS
NA19075	22.9908	15.4113	-3.16092	1.70384	-0.334231	1.77004	-1.20651	4.45743	3.50609	1.60279	JPT	EAS
NA19076	23.4959	11.4673	-1.74069	-1.34571	-8.95606	5.6556	1.44929	3.76341	3.31303	-0.337755	JPT	EAS
NA19077	21.5477	13.4271	-6.23881	2.25234	-1.38673	5.95624	11.5151	-8.2262	4.22265	-7.4339	JPT	EAS
NA19078	25.2724	17.761	5.09272	1.11152	-6.69245	5.97844	1.84971	0.794914	-6.40656	-1.10566	JPT	EAS
NA19079	23.6696	13.4923	5.4307	-8.75251	2.40409	-0.297616	-0.0423266	0.1702	8.01733	-0.409726	JPT	EAS
NA19080	24.2302	12.8704	-1.10659	18.9073	-6.88226	5.92305	0.219047	1.30281	4.98032	-1.24938	JPT	EAS
NA19081	29.8813	14.7473	-1.71244	0.353173	-0.455128	4.01291	9.3649	-3.46918	4.44764	7.59751	JPT	EAS
NA19082	24.2263	11.9211	4.91625	-9.60061	2.09864	-5.96399	7.88143	-1.04901	-16.2503	-3.93241	JPT	EAS
NA19083	27.3732	14.7675	12.2428	5.33215	-0.864072	10.2249	-3.54913	-2.16716	-8.28936	-0.773045	JPT	EAS
NA19084	26.1809	13.716	-0.828754	-2.05369	-0.996319	5.21643	-1.41391	-7.19037	-14.7842	11.4207	JPT	EAS
NA19085	25.7643	18.2808	-5.48688	-1.0397	-5.24345	5.47708	8.23671	4.97099	0.353443	-9.05829	JPT	EAS
NA19086	29.0478	13.6827	-1.32673	-9.51947	2.70918	-6.06889	5.14265	-0.760206	-0.1196	-1.219	JPT	EAS
NA19087	24.1509	8.89528	-4.5037	-3.298	8.23472	-12.4892	1.16195	-6.78431	-9.96762	-10.0041	JPT	EAS
NA19088	25.4184	13.9124	-4.02115	0.955246	-1.03367	9.90416	-0.109783	1.0177	-5.49096	-1.55591	JPT	EAS
NA19089	25.0109	11.2956	-0.840088	2.28044	4.84163	8.01064	2.1813	-5.56249	10.1057	-0.188792	JPT	EAS
NA19090	22.856	13.1088	-2.48159	5.5724	-3.29606	2.20186	2.28224	2.39148	2.05055	-8.89354	JPT	EAS
NA19091	26.8658	21.8908	6.5323	1.34764	4.93517	1.73059	-4.34998	4.09434	-1.65054	-13.3585	JPT	EAS
