sample	before_filtering__total_reads	before_filtering__total_bases	before_filtering__q30_rate	before_filtering__gc_content	after_filtering__total_reads	after_filtering__total_bases	after_filtering__q30_rate	after_filtering__gc_content	Coverage	Coverage_BQSR	autosomes	chrX	chrY	chrX_Autosome	chrY_Autosome	Autosome_depth_Z	total_reads_mapping_bam	primary	primary_proportion	properly	properly_proportion	PCT_CHIMERAS	MEDIAN_INSERT_SIZE	FREEMIX(Alpha)
GTOP-AJ141	1623906360	243585954000	0.943958	0.411878	1607053524	240062447470	0.950096	0.410992	78.5761141935484	51.15	53.7789700669244	27.94	27.79	0.519533936132107	0.516744741772057	1295522	1627131835	1586808964	99.99	1575915346	98.06	0.022902	361	8.4517e-05
GTOP-AJ142	1089276992	163391548800	0.952921	0.416323	1079410148	161266736272	0.958265	0.415559	52.7069512258065	33.83	35.4613970287839	17.95	19.9	0.506184231417336	0.561173604746796	821228	1094469725	1064219208	99.99	1059188442	98.13	0.022626	336	0.000149455
GTOP-AJ211	1231702358	184755353700	0.952586	0.414702	1220451614	182358845828	0.957959	0.413928	59.5985011935484	37.97	39.8921585106556	20.67	20.88	0.518146943452028	0.523411135910902	737838	1234919133	1205824454	99.99	1200019114	98.33	0.02049	329	0.000154968
GTOP-AJ221	1108390968	166258645200	0.951057	0.415347	1098040840	164022234674	0.956473	0.414604	53.6318210322581	34.81	36.513454189747	18.89	18.37	0.517343549636131	0.503102223759435	676914	1113185187	1082748226	99.99	1078510388	98.22	0.021461	345	0.000125942
GTOP-AJ231	978629182	146794377300	0.952817	0.414035	969034748	144856976150	0.958354	0.413261	47.3530249354839	29.25	30.2830192519112	30.44	1.76	1.00518378787739	0.0581183793253681	723383	979713751	958197257	99.98	953316188	98.38	0.019012	331	0.000152138
GTOP-AK091	1076723050	161508457500	0.95244	0.423752	1065349510	159112395666	0.958449	0.422926	52.0995024193548	32.71	34.3373516868003	17.39	16.01	0.506445580271263	0.466256109266413	1236230	1079805305	1050779538	99.99	1040492940	97.67	0.027328	336	0.000150008
GTOP-AK092	1085413616	162812042400	0.965474	0.419046	1077647032	161069128074	0.969816	0.41849	52.5200136774194	34.19	35.4371207884181	34.95	2.18	0.986253940004704	0.0615174131390631	619333	1088657810	1066507280	99.99	1062436896	98.59	0.016738	344	0.000100683
GTOP-AK111	1358311082	203746662300	0.961217	0.411457	1347891996	201261559920	0.966175	0.410708	65.7247297741936	45.72	48.0600718109811	24.66	24	0.513107847549356	0.499375034111295	1070138	1366516138	1329127198	99.99	1322433906	98.11	0.022696	355	3.5928e-05
GTOP-AK112	809539694	121430954100	0.955918	0.412952	801950790	119779356020	0.961533	0.412055	39.171275516129	25.99	27.3409302156884	14	14.17	0.512052804698163	0.518270588755212	788157	811432027	792282648	99.98	778359888	97.06	0.033181	382	0.000104033
GTOP-AK221	1855727052	278359057800	0.96252	0.424049	1842217680	275193546982	0.967333	0.423359	89.7932444516129	62.58	65.9700495476816	32.98	29.26	0.499923832498607	0.443534607001493	1205523	1864551625	1819711978	99.99	1813203112	98.43	0.019121	347	5.42375e-05
GTOP-AK231	890019252	133502887800	0.966935	0.410903	884489040	132235875320	0.970625	0.410324	43.0654476774194	29.86	31.5216167214259	16.31	12.73	0.517422698973234	0.40384984414036	442107	894422713	874436068	99.99	870872730	98.46	0.018522	318	0.000156688
GTOP-AK281	905138404	135770760600	0.96119	0.412891	897890528	134178836770	0.965931	0.412177	43.7970195483871	30.07	31.1676650138483	31.44	1.77	1.00873774105409	0.0567896247349155	848884	907446515	888192888	99.98	882014104	98.23	0.02066	347	0.000102098
GTOP-AL091	1425653750	213848062500	0.963008	0.420292	1415642584	211456135908	0.967586	0.419628	68.9832459677419	48.52	51.1409281344374	25.97	23.91	0.507812449780556	0.467531600856877	860891	1433161915	1398000836	99.99	1392532332	98.37	0.020141	348	7.22779e-05
GTOP-AL121	901903522	135285528300	0.964498	0.425498	895054418	133769108280	0.968981	0.42488	43.640493	27.93	29.4163207928208	14.76	12.18	0.501762273533618	0.414055859867173	575841	906071356	883963905	99.99	881184192	98.45	0.019284	329	9.63194e-05
GTOP-AL271	893276326	133991448900	0.946929	0.421942	883000944	131439212808	0.953823	0.420239	43.2230480322581	28.59	29.5831480373735	29.59	1.85	1.00023161708882	0.0625356029609435	904697	894461901	871351706	99.98	827844774	93.75	0.066369	302	0.000283651
GTOP-BA041	1111332354	166699853100	0.953475	0.41146	1101467518	164016822526	0.95884	0.410255	53.7741461612903	36.08	37.9768918901463	19.64	15.98	0.517156592403917	0.42078219687447	656234	1115926738	1086562310	99.96	1063362708	96.54	0.038599	298	0.000297416
GTOP-BA081	956070228	143410534200	0.952651	0.409684	946864826	140831641874	0.958526	0.408189	46.2614626451613	30.75	32.355726133073	16.81	15.43	0.519537096180863	0.476886222133891	483151	959031075	934332441	99.96	910814370	96.19	0.042454	290	0.000328034
GTOP-BA082	830303974	124545596100	0.94985	0.410213	821853494	122398261676	0.955874	0.408956	40.1759987419355	27.61	28.6526108145135	28.95	1.56	1.01037913045382	0.0544453002938848	489961	830083084	813330388	99.96	795116026	96.75	0.035723	321	0.000306273
GTOP-BA091	896916474	134537471100	0.949993	0.413478	886279336	131976061248	0.956313	0.412199	43.3991842258065	29.56	31.1102334995564	15.96	12.87	0.5130144715959	0.413690241192935	605922	898345164	873771355	99.95	849123714	95.81	0.046075	308	0.000284151
GTOP-BA101	1069187954	160378193100	0.952757	0.411762	1057639400	157689931616	0.958462	0.410732	51.734901	35.37	37.1983601857725	19.25	20.94	0.517495930031956	0.562928040252943	555049	1070429467	1044512161	99.97	1026185068	97.03	0.033664	317	0.000283593
GTOP-BA102	896481496	134472224400	0.951507	0.414244	886075284	131884671068	0.957665	0.412953	43.3781369032258	28.72	30.2073197292033	15.53	13.83	0.514113802191666	0.457836051790775	551610	897140097	874615260	99.96	852697306	96.23	0.041621	296	0.000283452
GTOP-BA131	869835394	130475309100	0.946109	0.411115	858692694	127973904816	0.952887	0.409885	42.0888093870968	29.03	30.5889742767239	15.89	14.58	0.519468219373776	0.476642330929494	561553	868635686	848456219	99.97	838470790	97.65	0.027224	337	0.000276246
GTOP-BA132	926046832	138907024800	0.949843	0.412456	915222466	136380665200	0.956085	0.411269	44.8087176774194	28.8	30.3024196548582	15.61	14.62	0.515140380794553	0.482469722435386	631765	926548650	903507347	99.96	890028478	97.25	0.03128	345	0.000278501
GTOP-BA181	1109996516	166499477400	0.953375	0.413306	1097977214	163513653582	0.959051	0.411974	53.7095088387097	35.6	37.5666573914948	19.32	12.76	0.514285841262367	0.339662905512826	585797	1112070946	1083484820	99.96	1072835966	97.71	0.027147	248	0.000617301
GTOP-BA191	934338898	140150834700	0.950194	0.413508	923899552	137599741342	0.956212	0.412163	45.2099466774194	30.51	32.1981710700465	16.71	14.98	0.518973576593768	0.465243816719009	654522	933594025	913780263	99.95	895349202	96.91	0.03421	317	0.000373669
GTOP-BA211	837274812	125591221800	0.948906	0.4147	827594898	123132773682	0.955317	0.413257	40.5132973548387	27.65	28.9755067621839	15	15.62	0.517678607767323	0.539075990221705	662526	839399486	815411061	99.95	800042006	96.67	0.037914	322	0.000241981
GTOP-BA231	1281961186	192294177900	0.951429	0.411821	1267559336	188785419402	0.957429	0.410406	62.0303799677419	40.93	43.0464378975031	22.47	21.83	0.521994411093963	0.507126746514518	891221	1283621932	1251025954	99.96	1225812858	96.71	0.037035	300	0.000354339
GTOP-BA232	978397538	146759630700	0.950168	0.41674	966741924	144037032590	0.956344	0.415572	47.3418163548387	32.6	33.7050504128394	34.06	2.34	1.01053105047502	0.069425797360879	532909	978921598	954238862	99.97	938681100	97.1	0.032699	303	0.000299927
GTOP-BA251	879952326	131992848900	0.952456	0.412951	870331256	129804038366	0.95825	0.411786	42.5783383548387	29.02	30.0647913490044	30.68	1.77	1.02046276136941	0.0588728516174657	615451	879897122	860400987	99.96	844291254	97.01	0.033103	321	0.000251944
GTOP-BB011	1051189804	157678470600	0.95178	0.410957	1039155420	154828921652	0.957272	0.409704	50.8640227741936	34.32	36.1111285029087	18.66	17.19	0.516738212667516	0.476030539965412	599534	1052635152	1025213757	99.96	1002867260	96.51	0.038931	282	0.000375592
GTOP-BB201	1009709612	151456441800	0.951469	0.412164	998096068	148592309606	0.957245	0.410851	48.8569167096774	33.73	35.6452816924804	18.37	14.3	0.515355725295762	0.401175115499695	552954	1009202854	986518876	99.95	963580252	96.54	0.038074	285	0.000321916
GTOP-BB202	1065440046	159816006900	0.948923	0.411643	1052342230	156896402504	0.954816	0.410545	51.5535506129032	35.35	37.1283494673573	19.14	19.48	0.515509045637152	0.524666468600404	637053	1066187655	1038126898	99.96	1021534576	97.07	0.033445	310	0.00026267
GTOP-BB211	1014318194	152147729100	0.949357	0.411019	1002445734	149400824114	0.954977	0.409938	49.0799126129032	34.42	36.2146305722895	18.58	17.14	0.513052313564589	0.473289378605869	476688	1015750992	988772015	99.96	973007268	97.06	0.033478	312	0.000281694
GTOP-BB251	1019876600	152981490000	0.949163	0.410951	1006526910	150093678964	0.955456	0.409878	49.3488677419355	33.47	35.2356630762855	18.15	15.75	0.5151031204012	0.44699031109195	532843	1019734008	992920381	99.96	978739968	97.24	0.031494	321	0.000229715
GTOP-BB261	1100781780	165117267000	0.952723	0.410518	1088197780	162220567930	0.958258	0.409418	53.263634516129	36.45	38.3777851266125	20.15	16.14	0.525043327370846	0.420555796712926	574464	1102434888	1073574450	99.96	1052568068	96.73	0.036768	304	0.000343334
GTOP-BC041	975438350	146315752500	0.951011	0.411288	963682060	143680824244	0.95663	0.410183	47.1986298387097	32.37	34.107930521993	17.57	14.56	0.515129464939856	0.426880194053745	572296	975895421	951014180	99.95	932316236	96.75	0.036418	293	0.000319756
GTOP-BC061	635241688	95286253200	0.922264	0.493217	623808160	93115589150	0.933094	0.491744	30.7375010322581	19.11	20.2308347491024	8.86	5.64	0.437945349753454	0.27878236711168	2586542	632899706	614670526	99.99	571907848	91.68	0.075949	299	0.000195875
GTOP-BC161	860355124	129053268600	0.940291	0.411098	852592260	127470885156	0.945427	0.410368	41.6300866451613	28.67	29.7426409240697	29.75	1.65	1.00024742510085	0.0554759076106355	925251	862008919	842884750	99.97	838810684	98.38	0.018354	316	0.000152008
GTOP-BC171	838188936	125728340400	0.941022	0.410334	829631616	124013608216	0.946586	0.409523	40.5575291612903	28.18	29.6924696709778	15.28	13.67	0.514608591650262	0.460386089519573	980067	839484792	819424255	99.96	814351454	98.16	0.020519	321	0.000905623
GTOP-BC181	993749490	149062423500	0.937505	0.4136	980774832	146675308384	0.94421	0.412478	48.0846527419355	31.96	33.1927443810932	33.07	1.75	0.996302071932228	0.0527223654636044	4411787	990319473	970880468	99.96	957646046	97.64	0.025422	321	0.000124327
GTOP-BC191	939323276	140898491400	0.941787	0.41506	929062344	138953125060	0.94753	0.414182	45.4511262580645	31.19	32.9644195130969	16.89	13.23	0.512370618062592	0.401341816279934	2369189	938972472	918870980	99.97	910399654	97.99	0.022674	307	0.000884979
GTOP-BD011	903665424	135549813600	0.934552	0.409059	894690272	133764512772	0.940106	0.408331	43.7257463225807	30.2	31.7754196848039	16.42	15.75	0.516751632641775	0.495666151894516	1002718	905364155	883692933	99.96	879254790	98.27	0.019801	319	0.00130471
GTOP-BD201	945256008	141788401200	0.94724	0.414209	936386000	140035477130	0.952429	0.413477	45.7381939354839	30.93	32.7255124566157	16.75	13.57	0.511833085034361	0.414661191875599	692312	945904941	926575975	99.97	922745244	98.54	0.016999	313	0.000686909
GTOP-BE141	1092760062	163914009300	0.938928	0.408612	1082252488	161782658846	0.944345	0.407887	52.8754868709677	36.37	38.2696847007095	19.85	19.46	0.518687314913571	0.508496481018544	879643	1095674495	1068463411	99.97	1064420232	98.35	0.01949	321	0.000173039
GTOP-BE161	854906714	128236007100	0.93982	0.410425	846302648	126534202554	0.945342	0.409697	41.3664539032258	27.8	29.338694325046	15.23	11.5	0.519109672409599	0.391973816986894	675921	855884763	836408830	99.96	832364932	98.35	0.018735	324	0.00059715
GTOP-BE181	1303408376	195511256400	0.946214	0.414389	1291641658	193103333588	0.951334	0.413694	63.0681472258065	43.65	46.0384453173865	23.87	19.76	0.518479714843573	0.429206500431881	902459	1306375513	1276625899	99.98	1271211766	98.42	0.01877	317	0.000404962
GTOP-BE221	886158982	132923847300	0.937752	0.437494	877158076	131084291898	0.943932	0.436573	42.8786604193548	25.02	26.3048576013937	13	11.43	0.494205298389878	0.434520504661254	1367568	887923785	866287046	99.99	857221348	97.73	0.024585	328	0.00210684
GTOP-BF221	856369766	128455464900	0.940893	0.41339	845841430	126495236806	0.947286	0.412341	41.4372467419355	28.2	29.8012441076544	15.3	12.46	0.513401385013662	0.418103350148381	3549019	854655337	836570985	99.95	825119564	97.55	0.026485	310	0.00156176
GTOP-BF251	874387894	131158184100	0.938451	0.41053	866541500	129557909170	0.943611	0.40979	42.3090916451613	30.34	32.0339673441049	16.44	13.33	0.513205243153417	0.416120796303835	722239	876319327	856474218	99.97	853444914	98.49	0.017999	315	0.00171009
GTOP-BF271	859602650	128940397500	0.942181	0.41593	851419054	127341868248	0.947294	0.415179	41.5936766129032	29.07	30.6218729264381	15.69	15.3	0.512378848860473	0.499642854529333	1286943	861021828	841602618	99.97	837194594	98.33	0.019781	308	0.000782361
GTOP-BG091	960839442	144125916300	0.936525	0.409603	950666350	142129507592	0.942365	0.408827	46.4922310645161	31.5	33.2765505085531	17.21	13.63	0.517181009960047	0.409597743506998	1065239	960668758	940320720	99.96	935730152	98.43	0.017894	322	0.000146026
GTOP-BG171	871211404	130681710600	0.941738	0.409798	863171122	129057502052	0.946949	0.409054	42.155390516129	29.13	30.8130438760164	15.81	12.39	0.513094391570508	0.402102435898709	1203218	872118701	853893911	99.96	848882632	98.34	0.018311	323	0.000724018
GTOP-BG291	846234280	126935142000	0.942964	0.411189	838315940	125339993844	0.948257	0.410405	40.94682	27.66	28.6864203197455	29.02	1.5	1.01162848750511	0.052289549664289	1246475	846773411	829653526	99.98	824740122	98.38	0.018421	323	0.000149983
GTOP-BG311	849224958	127383743700	0.931904	0.414731	826576638	123532445418	0.94473	0.412967	41.0915302258065	27.74	29.3104261271414	15.12	12.14	0.515857392670212	0.414187086442882	5012654	836146455	816699891	99.96	801663880	96.99	0.032609	326	0.00165587
GTOP-BH071	909884796	136482719400	0.943193	0.409797	900258736	134576119350	0.949055	0.408997	44.0266836774194	28.58	30.0171832062077	15.47	15.7	0.515371475522085	0.523033753438702	1013833	910889874	889317849	99.97	884378374	98.24	0.02014	323	0.00162747
GTOP-BH101	938002330	140700349500	0.939607	0.413859	926541850	138520245154	0.946051	0.412848	45.387209516129	30.71	32.4652416312703	16.74	14	0.515628381581985	0.4312304266516	4049704	936348043	916483098	99.97	904308604	97.6	0.026391	326	0.000637754
GTOP-BH131	860898564	129134784600	0.957001	0.412169	852613866	127529085624	0.962489	0.411248	41.6563821290323	26.51	27.8501706473184	14.6	15	0.524233771666523	0.538596340753277	634204	863035906	841911703	99.97	831573990	97.53	0.027143	300	0.00137542
GTOP-BH171	991249422	148687413300	0.936478	0.417248	976442824	145988481110	0.943949	0.416062	47.9636817096774	33.29	35.2080870884492	17.82	13.97	0.506133717382398	0.396783840170152	7793577	987096345	965544168	99.97	943350602	96.61	0.035809	333	0.00223133
GTOP-BH271	854041718	128106257700	0.939358	0.420949	844152376	126241545714	0.945587	0.42005	41.3245992580645	28.2	29.6921082071692	15.18	15.93	0.511246958083454	0.536506195142914	2315801	854384518	833613398	99.96	824503920	97.67	0.026322	301	0.00314051
GTOP-BI071	1002228330	150334249500	0.942205	0.414702	989791476	148027419564	0.948699	0.413764	48.4949191935484	33.79	35.0904094450076	35.21	2.01	1.00340806952338	0.0572806083425729	2389998	999477081	979895249	99.98	970197096	98.02	0.022194	308	0.000485879
GTOP-BI281	1675284846	251292726900	0.960474	0.412423	1661603754	248501409416	0.965213	0.411742	81.0621699677419	60.59	63.9466802650966	33	29.04	0.516054936131096	0.454128343795364	1493687	1681278374	1661314700	99.98	1634841396	98.39	0.018631	308	0.000154296
GTOP-BJ111	881530326	132229548900	0.963287	0.418504	875078998	130894504598	0.967482	0.417883	42.6546931935484	30.7	32.3166061816088	16.52	14.54	0.511192292506304	0.44992348262964	693803	886878379	874903890	99.98	860883164	98.38	0.019322	290	0.000181184
GTOP-BJ131	815826350	122373952500	0.960321	0.417013	809651642	121098511504	0.964645	0.416364	39.4754685483871	29.43	30.4841056911969	30.24	2.04	0.991992361735335	0.0669201196408758	721891	820196446	809498618	99.98	797052408	98.44	0.018314	291	0.000142417
GTOP-BJ141	945034682	141755202300	0.962234	0.420032	938961116	140507138732	0.965849	0.419484	45.7274846129032	32.26	33.948127383287	17.24	15.6	0.507833607590604	0.459524610116788	697293	950474528	938742495	99.98	925504294	98.57	0.017478	280	0.000180271
GTOP-BJ171	874589480	131188422000	0.963926	0.416128	868521288	129934384970	0.967839	0.41552	42.3188458064516	30.13	31.7236188050964	16.17	13.93	0.509714862586934	0.43910501149264	622555	879516458	868304135	99.98	855956270	98.55	0.017708	282	0.000213036
GTOP-BJ191	1071323980	160698597000	0.963447	0.416411	1063730528	159285689702	0.967453	0.415807	51.8382570967742	36.48	37.7541688870104	37.94	2.67	1.00492213491829	0.0707206668484929	753158	1076974355	1063542310	99.98	1049035320	98.62	0.016023	246	0.000332597
GTOP-BJ201	523865234	78579785100	0.953075	0.418059	513392228	76683319562	0.963161	0.416069	25.3483177741936	17.71	18.6459104051911	9.56	8.65	0.512712964518936	0.463908696975816	4078070	519986789	513008070	99.93	495142778	96.45	0.037256	305	0.000151136
GTOP-BK021	829738476	124460771400	0.963199	0.413989	823574198	123218386032	0.967411	0.413363	40.1486359354839	28.48	29.5135559942149	29.4	1.81	0.996152412327503	0.0613277505548565	661436	833451598	823383571	99.98	811265972	98.51	0.017487	288	0.000215633
GTOP-BK071	867154304	130073145600	0.9624	0.4127	860854160	128817254434	0.96649	0.412034	41.9590792258065	29.7	30.7959461817635	30.94	1.72	1.00467768768611	0.055851506878478	704010	870043089	860615014	99.97	849030988	98.63	0.015564	267	0.000258719
GTOP-BK161	2119900630	317985094500	0.961274	0.412175	2102565592	314471431176	0.966042	0.411491	102.575836935484	75.44	79.473748812158	40.92	36.36	0.514886998683268	0.457509561879854	1664527	2130053768	2102218915	99.98	2066242622	98.27	0.020583	297	0.000127758
GTOP-BK191	1286752656	193012898400	0.962054	0.414328	1276116300	190877026362	0.966838	0.413595	62.2622252903226	45.11	46.8143204290798	46.69	2.77	0.997344393169861	0.0591699286588245	1149871	1290664907	1275897142	99.98	1257257482	98.52	0.01762	286	0.000216871
GTOP-BK251	1012425058	151863758700	0.959425	0.469338	1002654092	149957242734	0.964988	0.468591	48.9883092580645	32.65	34.2458806319199	16.51	13.81	0.482101779698764	0.403260180353721	837057	1023299321	1002367282	99.97	978801222	97.62	0.028631	239	0.00042333
GTOP-BK261	1288446702	193267005300	0.959713	0.419712	1273445268	190492944236	0.964732	0.419048	62.3441952580645	46.54	49.0140088576273	25.13	23.41	0.512710561443688	0.477618553258923	675363	1291232223	1273227996	99.98	1254177892	98.49	0.018961	279	0.000252503
GTOP-BK281	1054925078	158238761700	0.959399	0.416816	1042197774	155858959196	0.964639	0.416097	51.0447618387097	38.13	40.1545232931532	20.68	19.29	0.51501047214589	0.480394197664131	673924	1055768529	1041973327	99.98	1026541868	98.5	0.01821	281	0.000250653
GTOP-BL021	1432663100	214899465000	0.95989	0.414457	1415449400	211742002816	0.965075	0.41375	69.3224080645161	51.45	53.3895095976231	53.78	3.26	1.00731399118141	0.0610606844784567	694473	1431911422	1415174081	99.98	1395771838	98.61	0.016551	280	0.000207412
GTOP-BL091	936927338	140539100700	0.959993	0.420953	926812312	138677599920	0.964533	0.420369	45.3351937741936	33.83	35.119420620258	34.94	2.09	0.99489112812543	0.0595112323349213	449289	936490862	926563374	99.97	914979120	98.72	0.015206	283	0.00024187
GTOP-BL151	979017864	146852679600	0.959378	0.418742	967963482	144827190072	0.964179	0.418107	47.3718321290323	35.25	36.5750929717247	36.34	2.25	0.993572320597888	0.0615172735648114	456927	978624636	967756821	99.98	955209114	98.68	0.015894	277	0.00020954
GTOP-BL161	1311213676	196682051400	0.960583	0.414008	1296281164	193925250716	0.965494	0.413331	63.4458230322581	48.12	50.7549041273169	26.33	23.47	0.518767603894042	0.462418369289524	592587	1312211434	1296032862	99.98	1278272814	98.61	0.017051	279	0.000140294
GTOP-BL221	984604112	147690616800	0.958197	0.434444	972535654	145432923584	0.963547	0.433863	47.6421344516129	35.87	37.6731562857239	19.02	18.52	0.504868767982883	0.491596718351366	536715	987556384	972295060	99.98	955665702	98.27	0.020858	287	0.000197009
GTOP-BL261	859336926	128900538900	0.959443	0.419396	850420548	127223888352	0.963847	0.41877	41.580819	30.89	32.0169756477089	31.78	1.99	0.992598437456542	0.0621545277073165	642552	860956056	850271607	99.98	837698960	98.5	0.017905	281	0.000178262
GTOP-BL271	1057902872	158685430800	0.959714	0.413637	1045593866	156233534752	0.964839	0.412839	51.1888486451613	36.74	38.0984244953732	38.33	2.2	1.00607834858512	0.0577451700205392	475433	1057370776	1045273042	99.97	1030162628	98.52	0.01745	273	0.00020699
GTOP-CA031	904896762	135734514300	0.950942	0.487893	890026782	132953929718	0.958703	0.487128	43.7853271935484	31.89	33.5481303619985	13.97	14.61	0.416416648238153	0.435493717305613	1080225	914543420	889577322	99.95	851960152	95.72	0.048191	282	0.000220624
GTOP-CA081	842421098	126363164700	0.953696	0.4873	829805658	123825472934	0.96089	0.486468	40.7623111935484	28.97	30.4164168320743	12.96	14.78	0.42608569153792	0.485921799454511	866625	851924435	829360327	99.95	798092542	96.18	0.044456	265	0.00039028
GTOP-CA121	835489054	125323358100	0.955204	0.463199	823835086	123134401170	0.961594	0.462439	40.4268897096774	28.65	29.742271329135	26.15	2.44	0.879220006791612	0.0820381191805557	825367	839881766	823576676	99.97	800095942	97.12	0.033873	267	0.00037656
GTOP-CA161	903924028	135588604200	0.957972	0.456325	894865244	133808902254	0.963658	0.455663	43.7382594193548	31.55	33.2506982272825	16.17	13.6	0.486305577388819	0.409013967377114	930947	909186200	894557584	99.97	875405456	97.83	0.025759	272	0.000304293
GTOP-CA171	961020844	144153126600	0.959133	0.433551	951362756	142413850322	0.964646	0.432863	46.5010085806452	27.57	29.0159484103397	14.61	11.91	0.503516197140529	0.410463922514969	1044418	963226860	951070922	99.97	935405678	98.32	0.019012	273	0.000359743
GTOP-CA181	840893566	126134034900	0.95573	0.471837	832125048	124359545898	0.961839	0.471187	40.6883983548387	29.19	30.6066468833682	13.88	16.12	0.453496263504202	0.526682980380961	761803	851467910	831676841	99.95	803975610	96.62	0.039102	269	0.000296519
GTOP-CA231	803998812	120599821800	0.976806	0.412476	800301254	119680242762	0.97939	0.412119	38.9031683225807	26.2	27.4601377195375	14.51	15.29	0.528402302573899	0.556807112774288	336700	810403664	799755282	99.93	787335892	98.38	0.018584	313	4.61008e-05
GTOP-CA241	946533622	141980043300	0.978172	0.413091	941787184	140981400556	0.980886	0.412719	45.8000139677419	30.77	31.8012619653841	32.99	1.94	1.0373802157886	0.0610038684034522	332527	952250911	940982143	99.92	924473786	98.16	0.020305	291	7.41178e-05
GTOP-CB051	1035781076	155367161400	0.977485	0.424339	1030322284	154156063168	0.98038	0.423983	50.1184391612903	31.48	32.9715031806512	16.85	18.19	0.511047370442248	0.551688526311246	455962	1044524008	1029304489	99.9	1012283270	98.25	0.019797	299	0.000100531
GTOP-CB052	806394040	120959106000	0.976506	0.414587	802240400	120013990234	0.979347	0.414206	39.0190664516129	26.28	27.5149893124126	14.09	15.69	0.512084516552718	0.570234639085318	337257	813197493	801519126	99.91	785644144	97.93	0.022839	311	2.38374e-05
GTOP-CB121	1163453702	174518055300	0.977937	0.410754	1157085594	173125993588	0.980954	0.410341	56.2961468709677	35.04	36.8747713939471	19.64	16.55	0.532613471421381	0.448816341752742	533159	1169632965	1155989485	99.91	1136325800	98.21	0.019569	299	0.000168888
GTOP-CB151	875541078	131331161700	0.976033	0.426895	870997878	130335862198	0.978997	0.426538	42.3648908709677	28.77	29.7915676035597	29.03	2.01	0.974436806626158	0.0674687558153144	267705	881066345	870476959	99.94	859147146	98.64	0.015646	299	4.59432e-05
GTOP-CB161	1036857520	155528628000	0.973914	0.420379	1031050522	154309579502	0.977034	0.41997	50.1705251612903	32.2	33.8109461487791	17.41	17.87	0.514921999620784	0.528527061069697	397479	1043552062	1030177070	99.92	1008660824	97.83	0.023988	300	5.991e-05
GTOP-CB261	1000412658	150061898700	0.974897	0.415871	995160150	148915986348	0.977896	0.415484	48.4070640967742	29.75	30.7269115257881	32.29	1.98	1.05087034122841	0.0644386273035692	325041	1005843001	994247297	99.91	977144546	98.19	0.019778	302	0.000106332
GTOP-CB271	876452222	131467833300	0.975926	0.41315	871907536	130516305978	0.978704	0.412776	42.408978483871	29.03	30.687218213584	15.68	12.57	0.510961922024562	0.409616795908721	286865	880307147	870488159	99.84	860918098	98.74	0.013374	304	0.000104254
GTOP-CB281	1002414890	150362233500	0.975315	0.419461	997887390	149321498398	0.977915	0.419149	48.5039462903226	30.58	32.0935590005576	16.21	18.95	0.505085771251432	0.590461157631995	251581	1009567107	997236647	99.94	984094814	98.62	0.016361	301	9.92292e-05
GTOP-CC031	1027241262	154086189300	0.975056	0.416952	1022249076	152963773246	0.97788	0.416597	49.7052223548387	31.06	32.6261454800023	16.94	16.27	0.519215486560713	0.498679809111145	282701	1034718160	1021438423	99.92	1006413880	98.45	0.017679	300	6.41608e-05
GTOP-CC041	1023103796	153465569400	0.974857	0.416353	1017765702	152300565434	0.977864	0.415966	49.5050223870968	30.99	32.4962225216519	16.64	17.36	0.512059516730381	0.534215938127368	322154	1030924640	1016996329	99.93	1001065298	98.36	0.018619	297	7.31168e-05
GTOP-CC061	1021299844	153194976600	0.973093	0.429477	1013204886	151635658954	0.977379	0.428887	49.4177343870968	27.61	29.0136035447984	14.61	13.09	0.503556891078403	0.45116767311542	794432	1026348935	1009496195	99.64	986646884	97.38	0.02557	291	0.000189041
GTOP-CC121	1013297850	151994677500	0.974549	0.417799	1008451522	150878911826	0.977383	0.417448	49.0305411290323	30.78	32.4736883311466	16.78	13.58	0.516726028435327	0.418184711927994	299136	1018350750	1007671824	99.92	995543460	98.72	0.014712	310	6.43219e-05
GTOP-CC131	1002287376	150343106400	0.97421	0.428508	996862586	149129106812	0.977295	0.428159	48.4977762580645	30.64	31.5571849119877	33.14	2.11	1.05015704323522	0.0668627447563763	378358	1008391384	996145646	99.93	979416550	98.25	0.019399	302	6.79218e-05
GTOP-CC141	1006263884	150939582600	0.974506	0.414258	1000257022	149713874800	0.977838	0.413804	48.6901879354839	29.37	30.8515855293519	15.81	15.21	0.512453403244332	0.493005456252138	438380	1012327740	999467994	99.92	977848590	97.76	0.024441	290	6.11671e-05
GTOP-CC201	1041034792	156155218800	0.97504	0.413099	1035996736	155001073558	0.977846	0.412749	50.3726512258065	30.88	32.5976562759538	16.51	14.16	0.506478130213885	0.434387057772781	274789	1046543263	1035045986	99.91	1022357526	98.68	0.014895	310	6.66737e-05
GTOP-CC231	907644784	136146717600	0.974205	0.404702	902810842	134960663092	0.977305	0.404274	43.918296	27.36	28.2021460467248	16.61	22.83	0.58896227161156	0.809512863389038	341725	919417544	902399575	99.96	878852888	97.35	0.030132	303	1.7898e-05
GTOP-CC241	985720760	147858114000	0.974117	0.426231	980561474	146691571066	0.977209	0.425875	47.6961658064516	29.38	30.273777602195	30.83	2.31	1.01837307537612	0.0763036589075199	328610	992990491	979949532	99.94	963213996	98.23	0.019781	300	7.37628e-05
GTOP-CC251	1040149798	156022469700	0.974666	0.414986	1034339504	154815390412	0.977817	0.414564	50.3298289354839	30.68	32.2400038099876	16.46	16.45	0.510545845373036	0.510235671712421	385774	1046140923	1033401537	99.91	1014485052	98.08	0.021391	288	0.000122463
GTOP-CC291	931615976	139742396400	0.972683	0.434073	927119124	138686368106	0.975683	0.433728	45.0781923870968	29.02	30.4344569679153	15	14.31	0.492862416300489	0.470190745150667	250232	939588259	926754456	99.96	913155144	98.49	0.018053	297	7.53032e-05
GTOP-CC311	847647130	127147069500	0.97447	0.430107	842018844	125970990606	0.978136	0.429647	41.0151837096774	28.72	29.7198627559544	29.05	2.12	0.977460772229838	0.0713327654777025	491731	852944325	841407653	99.93	821306484	97.54	0.026789	298	4.58988e-05
GTOP-CD021	976389318	146458397700	0.973708	0.418339	970110158	145188626346	0.977222	0.417854	47.2446444193548	29.43	30.2948104835821	31.77	2.26	1.04869446261159	0.0746002356154293	492069	984118723	969295306	99.92	944044960	97.31	0.029251	285	0.000164388
GTOP-CD121	949342044	142401306600	0.974178	0.410933	944928692	141404293146	0.976907	0.410587	45.9359053548387	28.98	30.4438661518037	15.86	15.24	0.52095880072907	0.500593450385311	242364	955997611	944225187	99.93	932033572	98.64	0.016083	301	0.000123485
GTOP-CE111	1011333996	151700099400	0.974637	0.415461	1006131628	150594261106	0.977528	0.415078	48.9355159354839	31.37	33.0088350565402	16.75	14.55	0.507439901205518	0.440791078360614	317030	1019261236	1005313160	99.92	989908010	98.39	0.018372	291	8.84077e-05
GTOP-CE131	996692718	149503907700	0.973919	0.413643	991544368	148369117828	0.976839	0.413277	48.227067	30.56	32.1138685550233	16.64	15.82	0.518156196955509	0.492622057442077	304556	1002989406	990669635	99.91	975629276	98.39	0.018181	296	0.00014524
GTOP-CE141	953719720	143057958000	0.97429	0.414103	949255930	142087697774	0.976916	0.413762	46.1477283870968	30.46	32.0544396223106	16.51	13.94	0.515061258113796	0.434885156759922	237924	960340812	948457765	99.92	934707164	98.47	0.017319	289	8.9016e-05
GTOP-CE161	1008054824	151208223600	0.973099	0.415488	1003295558	150117483760	0.975865	0.415147	48.7768463225807	31.3	32.9335026118988	16.85	17.25	0.511637046279801	0.523782732838372	278479	1014279804	1002493371	99.92	989517212	98.63	0.015817	309	8.12601e-05
GTOP-CF011	954377748	143156662200	0.973926	0.423464	949855546	142095368856	0.976737	0.423136	46.1795684516129	30.15	31.6618931855995	16.18	16.05	0.511024401009571	0.506918518924822	238952	962555979	949374349	99.95	934225006	98.35	0.019097	294	7.37897e-05
GTOP-CF051	1054144236	158121635400	0.974245	0.41409	1049320652	156949197710	0.977066	0.413731	51.0069791612903	30.63	32.2631948370148	16.84	14.15	0.521956987988055	0.438580248220367	376674	1060201155	1048564577	99.93	1033415024	98.48	0.017033	316	0.00403836
GTOP-CF121	1005145208	150771781200	0.973755	0.418083	1000489274	149747172952	0.976473	0.417732	48.6360584516129	30.57	32.1064327015685	16.35	16.84	0.509243744142315	0.5245054832634	264219	1012123607	999866694	99.94	984685300	98.42	0.018219	290	5.95651e-05
GTOP-CF201	1061599132	159239869800	0.973699	0.417416	1056374604	158010269114	0.976668	0.41704	51.3676999354839	31.02	32.5440183780884	16.61	17.51	0.510385650813895	0.53804050245342	387390	1070200267	1055612688	99.93	1036969338	98.16	0.020659	312	0.00015201
GTOP-CF221	999216892	149882533800	0.973924	0.415567	994644650	148815407186	0.976746	0.415216	48.3492044516129	29.57	31.0294813697841	16.13	17.61	0.519828217809243	0.567524793280891	316996	1006603179	993919897	99.93	980829682	98.61	0.016211	300	0.000107428
GTOP-CF241	1014271400	152140710000	0.974487	0.415587	1009303080	151085867602	0.977297	0.415211	49.0776483870968	30.28	31.9029379863403	16.59	14.23	0.520014802621102	0.446040424430276	332329	1020027979	1008652730	99.94	989711530	98.06	0.021312	285	8.92396e-05
GTOP-CF242	1030444512	154566676800	0.973918	0.416975	1024395990	153301516430	0.97722	0.416503	49.8602183225806	32.6	33.724899255549	34.11	2.18	1.01141888494708	0.0646406675222702	606727	1037626934	1023543629	99.92	996540868	97.28	0.029347	296	0.000309988
GTOP-CF301	1061512066	159226809900	0.974733	0.418685	1056423634	158054745334	0.977609	0.418322	51.3634870645161	30.77	32.239204040324	16.53	17.43	0.512729780156008	0.540646102124575	340746	1070478801	1055648013	99.93	1037632444	98.22	0.020476	297	0.000122661
GTOP-CG041	1075516344	161327451600	0.973734	0.416406	1070475638	160138743628	0.976571	0.416048	52.0411134193548	31.91	33.5121678906019	17.12	18.58	0.510859221518794	0.554425486905326	365475	1083358478	1069565387	99.92	1053154292	98.38	0.01866	312	3.60101e-05
GTOP-CG061	969856018	145478402700	0.974539	0.416962	965609290	144517667012	0.977117	0.416634	46.928517	29.53	31.0357318085622	15.84	15.35	0.510379458673826	0.494591205217376	255363	976832986	964882879	99.93	952223020	98.61	0.016305	286	0.000194983
GTOP-CG071	1015741986	152361297900	0.968045	0.415294	1010968150	151299933286	0.970745	0.414886	49.1488057741936	31.03	32.5739294339059	16.72	17.53	0.513293922181716	0.538160433962051	519456	1022958405	1010233244	99.93	996401646	98.56	0.016886	292	6.87892e-05
GTOP-CG091	1006067058	150910058700	0.973623	0.411346	1000864382	149750665082	0.976626	0.410943	48.6806640967742	30	30.9417530924006	32.55	1.92	1.05197659301322	0.0620520755325773	409952	1011829238	1000147309	99.93	984630986	98.38	0.018195	301	8.60507e-05
GTOP-CG111	1039763512	155964526800	0.974267	0.414684	1034717328	154851641870	0.977066	0.414315	50.3111376774194	31.77	33.3184492853288	17.29	18.03	0.518931714136329	0.541141631340544	359213	1047068743	1033997395	99.93	1016850166	98.27	0.019663	297	7.56115e-05
GTOP-CG171	978789708	146818456200	0.973847	0.418559	973069892	145631799482	0.977125	0.418107	47.3607923225806	30.05	31.6365056773003	16.11	14.03	0.509221851626907	0.44347502038023	478139	983961389	972377576	99.93	953882064	98.03	0.021929	300	7.64216e-05
GTOP-CG172	1021268962	153190344300	0.974007	0.415128	1015926248	151949325952	0.977156	0.414722	49.4162400967742	31.63	33.2545552461102	17.26	17.37	0.519026637772246	0.522334455278326	410312	1027610976	1015302772	99.94	1000823112	98.51	0.017143	310	6.81452e-05
GTOP-CG191	1019432480	152914872000	0.974888	0.413544	1013841602	151734980114	0.978122	0.413109	49.3273780645161	31.21	32.856715521071	16.88	16.37	0.513745812151397	0.498223871144453	351152	1024794599	1013097716	99.93	995724620	98.21	0.019883	296	4.47662e-05
GTOP-CG211	998511120	149776668000	0.973086	0.428303	992837094	148534437512	0.976379	0.427906	48.3150541935484	31.24	32.8496812719253	16.66	15.2	0.507158649793	0.462713774120864	465001	1005246124	992125323	99.93	975039516	98.21	0.020123	301	8.4929e-05
GTOP-CG261	1191358096	178703714400	0.976502	0.437904	1184439158	177186123784	0.979807	0.437511	57.646359483871	38.14	39.9750743989345	19.96	23.8	0.499311140757552	0.595370999500488	662341	1203331792	1183958933	99.96	1151605674	97.23	0.031207	289	6.39691e-05
GTOP-CG271	887024664	133053699600	0.971794	0.440146	882045232	131905757170	0.97515	0.439737	42.9205482580645	29.17	30.4419651065493	15.11	18.05	0.496354290766507	0.592931498897118	433981	898032682	881794058	99.97	852802268	96.68	0.036905	285	6.11783e-05
GTOP-CH041	1020840658	153126098700	0.973673	0.418396	1014390916	151783746278	0.977227	0.417899	49.3955157096774	31.66	33.308687002149	16.92	14.97	0.50797559204025	0.449432305723554	555444	1027563792	1013772966	99.94	990689316	97.66	0.026107	293	7.67998e-05
GTOP-CH081	1013095774	151964366100	0.97441	0.431692	1007614224	150773657680	0.97753	0.431306	49.0207632580645	32.19	33.6958025307786	16.76	18.65	0.497391328925642	0.553481401220956	429767	1024091687	1007126985	99.95	982237074	97.48	0.028612	286	7.7356e-05
GTOP-CH082	1009088518	151363277700	0.974311	0.42872	1003506430	150161757436	0.977501	0.428304	48.8268637741936	31.58	33.1644823640549	16.58	15.56	0.499932422221977	0.469176627851264	468676	1018673272	1003121742	99.96	974904914	97.15	0.031492	287	5.0202e-05
GTOP-CH091	1045507862	156826179300	0.973609	0.41947	1038813140	155477862196	0.977204	0.418969	50.5890900967742	33.03	34.770843388444	17.7	16.42	0.509047186525322	0.472234734618407	599956	1052073511	1038005173	99.92	1009766166	97.2	0.030569	293	6.25724e-05
GTOP-CH101	965681732	144852259800	0.973474	0.429913	960371182	143701692332	0.976629	0.429504	46.7265354193548	30.8	31.8080539270059	31.15	2.5	0.979311719965138	0.0785964462251315	446314	974495633	959934200	99.96	934510258	97.31	0.029921	291	8.13935e-05
GTOP-CH102	1006629886	150994482900	0.973363	0.408891	1000980650	149551214682	0.976571	0.408459	48.7078977096774	26.23	26.9080219290402	15.9	24.04	0.590901852314907	0.893413869789331	523511	1018895624	1000777865	99.98	972485184	97.15	0.031524	315	1.5059e-05
GTOP-CI161	1037553560	155633034000	0.973049	0.421372	1030399888	154187141674	0.976907	0.420829	50.204204516129	32.37	34.0446856869525	17.47	14.48	0.513149105285919	0.425323356871214	680623	1044806904	1029678915	99.93	998309134	96.89	0.033791	291	0.000439814
GTOP-CI201	937165580	140574837000	0.971565	0.429889	931905774	139440200288	0.974734	0.429498	45.3467216129032	27.14	27.2956980138948	39.98	2.32	1.46469967463914	0.0849950786684044	389702	945631194	931562664	99.96	900723438	96.65	0.036475	292	7.17971e-05
GTOP-CI211	945015844	141752376600	0.972469	0.42877	939519556	140579011618	0.975738	0.42837	45.7265730967742	26.07	27.1926085540347	13.57	17.06	0.49903266812505	0.627376368328176	397859	953790350	939135769	99.96	907903926	96.63	0.037017	289	3.15988e-05
GTOP-CI221	916004730	137400709500	0.970582	0.421548	910552664	136170353092	0.973996	0.421115	44.322809516129	23.99	25.1103359200239	12.72	13.06	0.506564310430296	0.520104551432364	401453	922915223	909899456	99.93	892091454	97.97	0.022364	316	1.21567e-05
GTOP-CI222	1046184526	156927678900	0.975096	0.421334	1040186436	155645325008	0.978259	0.420918	50.6218319032258	27.54	28.7580573092998	14.75	16.36	0.512899735936967	0.568884046096866	452888	1056899636	1039618580	99.95	1011391096	97.23	0.031039	290	5.62335e-05
GTOP-CI231	1059113328	158866999200	0.9665	0.418743	1048961608	156984890260	0.970794	0.418176	51.2474190967742	35.88	37.6485924736843	19.26	20.44	0.511572909756518	0.542915382939939	546616	1065469085	1047468212	99.86	1021485054	97.38	0.028612	289	0.000104191
GTOP-CI251	986917258	148037588700	0.965915	0.421057	977930754	146324998450	0.970021	0.420556	47.7540608709677	34.15	35.7769591093803	18.51	15.78	0.517372086973902	0.441065993109031	547000	989535656	977075268	99.91	958850746	98.05	0.021462	305	6.92812e-05
GTOP-CI291	1085509346	162826401900	0.966808	0.422213	1075123340	160826960740	0.971216	0.421672	52.5246457741936	36.19	37.4497158620982	37.64	2.25	1.00508105691916	0.0600805626479308	623237	1086732056	1074475645	99.94	1053722734	98.01	0.021829	310	1.78385e-05
GTOP-CI301	1001291720	150193758000	0.974417	0.415945	996259642	149134710862	0.977199	0.415577	48.4495993548387	27.4	28.3530811076906	28.85	1.73	1.01752609850132	0.0610162963746027	305487	1005556017	995628924	99.94	980181520	98.39	0.01759	293	6.8658e-05
GTOP-CJ091	909223914	136383587100	0.973912	0.417692	904504328	135380750628	0.976835	0.417318	43.994705516129	24.81	26.0967564913867	13.53	11.7	0.518455234253561	0.448331577292436	242143	914688579	903850966	99.93	888404874	98.22	0.019938	289	5.16761e-05
GTOP-CJ092	928641654	139296248100	0.972381	0.420129	923058476	138145599446	0.975679	0.419686	44.9342735806452	24.33	25.1516663471874	25.64	1.51	1.01941555863821	0.0600357836795515	430143	932208371	922433040	99.93	902535428	97.78	0.023852	302	3.22243e-05
GTOP-CJ093	991271166	148690674900	0.973884	0.417254	985548390	147491240706	0.977119	0.416818	47.9647338387097	27.13	27.9280383980958	28.08	2.15	1.00544118422275	0.0769835664558019	389453	1000070022	984771859	99.92	960863560	97.5	0.027679	286	0.000102143
GTOP-CJ111	927105378	139065806700	0.97246	0.439243	921493540	137874541178	0.975811	0.43889	44.8599376451613	24.13	25.1838945367348	12.55	14.01	0.498334361339299	0.556307920507059	386413	936707843	920554601	99.9	894168756	97.03	0.032132	286	9.13369e-05
GTOP-CJ151	894294726	134144208900	0.964845	0.435261	885449924	132397714622	0.969431	0.434757	43.2723254516129	30.12	31.6434156145118	15.76	15.12	0.498049900554111	0.477824523881863	704914	896245138	884226976	99.86	868922112	98.13	0.020123	327	0.00052387
GTOP-CJ231	886645098	132996764700	0.973645	0.407901	881532682	131742365724	0.976988	0.407213	42.9021821612903	23.41	24.3417463773433	13.33	14.9	0.547618884584519	0.612117132806402	748360	894625228	880913396	99.93	868567052	98.53	0.018977	241	0.000574255
GTOP-CK031	959977076	143996561400	0.965659	0.417002	950862566	142205608172	0.970069	0.416432	46.4505036774194	32.49	33.691164998625	33.88	2	1.00560488191437	0.059362743914662	616522	960971577	950075465	99.92	935231350	98.36	0.018062	325	4.28103e-05
GTOP-CL111	823760536	123564080400	0.968621	0.435413	818541514	122459780956	0.972465	0.434882	39.8593807741936	24.55	25.748490131408	12.79	12.22	0.496728155116123	0.474590934755201	554816	830584756	818206638	99.96	795965040	97.24	0.030288	290	2.7187e-05
GTOP-CL141	804292810	120643921500	0.968978	0.439607	799139468	119504034968	0.972971	0.43906	38.9173940322581	24.58	25.7747950948737	12.83	12.77	0.497773113337058	0.495445257779753	525228	811719956	798847720	99.96	769252824	96.26	0.0407	296	1.69412e-05
GTOP-CL161	804213844	120632076600	0.969149	0.43285	799079924	119557150518	0.972947	0.432324	38.9135730967742	24.81	25.5951444511966	24.69	2.07	0.964636087406248	0.0808747144970001	517620	811557540	798728020	99.96	772627058	96.69	0.036147	288	2.90561e-05
GTOP-CL171	799396448	119909467200	0.969177	0.439607	794437834	118829085828	0.972978	0.4391	38.6804732903226	23.47	24.6114489336956	12.19	12.06	0.495297941735997	0.490015847197385	530947	806078146	794095171	99.96	766216434	96.45	0.03822	298	3.83704e-05
