Sample	Mapped_Reads	Alignments	Max_Mapped_Read_Length	Mean_Mapped_Read_Length	HiFi_Reads	HiFi_Yield	HiFi_Read_Length_mean	HiFi_Read_Length_median	HiFi_Read_Length_N50	Mean_Q	Median_Q	GC
GTOP-AJ141	7668527	8510273	69240	16380.4	7669700	139845142252	18233.46	17131	18135	33.325	33.233	40.04
GTOP-AJ142	7037708	7933989	56093	15999.9	7038773	127409509660	18101.1	17084	18130	33.082	32.958	40.03
GTOP-AJ221	6257755	6926310	70858	17588.5	6258669	122257681123	19534.13	18452	19374	32.439	32.418	40.57
GTOP-AJ231	7353630	8093914	79302	17285.1	7354846	140377775325	19086.43	17911	19102	34.08	34.089	40.33
GTOP-AK091	8575412	9403439	71076	15554.5	8577030	146777413779	17112.85	16009	17142	34.047	33.799	40.31
GTOP-AK092	6730977	7329910	71931	17767.7	6731920	130633156440	19405.04	18028	19304	32.549	32.441	40.08
GTOP-AK111	7521792	8473503	69508	16601.4	7522888	141177502883	18766.4	17841	18553	33.155	33.251	40.03
GTOP-AK112	6911319	7771293	76186	17302.1	6912439	134889543403	19514.03	18108	19401	32.708	32.62	40.07
GTOP-AK221	7098719	7887414	75202	16839.6	7099871	133255660551	18768.74	17661	18735	32.878	32.798	40.08
GTOP-AK231	7466361	8159441	54802	16684	7467307	136581378889	18290.58	17255	18212	33.708	33.536	40.04
GTOP-AL091	6995473	7802362	70052	18142	6996618	142027308801	20299.42	19082	20664	33.993	33.778	40.31
GTOP-AL121	6359684	7135975	74364	18380.6	6360676	131583272889	20687	19490	20710	32.797	32.725	40.27
GTOP-AL271	6423524	7122807	62958	18165.4	6424343	129761157213	20198.35	19085	20401	34.074	34.123	39.61
GTOP-BA041	6742500	7614408	75843	17191.5	6743378	131344292774	19477.52	18083	19394	32.697	32.565	40.08
GTOP-BA081	7205178	8147371	70015	16660.4	7206418	136201625803	18900.05	17918	18769	32.959	32.958	40
GTOP-BA082	6992029	7600704	75720	16352	6993259	124694051942	17830.61	16830	17804	33.911	33.893	40.38
GTOP-BA091	7976123	8799346	67888	15915.4	7977820	140544416802	17616.89	16514	17602	33.056	32.848	40.29
GTOP-BA101	7301113	8127160	67927	16411.2	7302330	133810468396	18324.35	17097	18312	33.738	33.595	40.02
GTOP-BA102	6809243	7536073	70764	17476.9	6810323	132111224118	19398.67	17965	19393	33.887	33.706	40.13
GTOP-BA131	7313546	8086438	77332	15974.6	7314833	129614280399	17719.38	16594	17820	33.979	33.872	40.28
GTOP-BA132	6685594	7477416	73618	17454.1	6686785	130935164980	19581.18	18134	19445	33.229	33.107	40.03
GTOP-BA181	6143034	6884266	60895	17806.3	6144027	122956996951	20012.44	18975	20106	33.879	33.947	39.6
GTOP-BA191	7216195	7961571	70446	17725.4	7217547	141586607585	19617	18529	19465	32.808	32.774	40.33
GTOP-BA211	8015774	8968852	73080	16229.1	8017292	146054048783	18217.38	17156	18229	33.703	33.546	40.29
GTOP-BA231	7108896	7952903	74515	17656.5	7109907	140884083267	19815.18	18475	19698	33.451	33.316	40.06
GTOP-BA232	6712840	7355247	72075	18271.2	6713641	134806533987	20079.5	18928	19947	31.926	31.986	40.12
GTOP-BA251	6820589	7501009	73016	17607.5	6821405	132467506358	19419.39	18227	19376	32.833	32.7	40.08
GTOP-BB011	7006132	7817220	73253	17710.8	7007193	138904443956	19823.12	18563	19766	33.089	32.941	40.02
GTOP-BB201	7920131	8665202	72005	16390.7	7921346	142472156368	17985.85	16971	17924	33.96	33.862	40.11
GTOP-BB202	7869695	8676288	69644	17189.1	7870780	149634816941	19011.43	18163	18848	32.666	32.725	40.34
GTOP-BB211	8037866	9000031	55401	16415.4	8039969	148303795194	18445.82	17600	18561	35.032	35.1	40.42
GTOP-BB251	7872584	8627796	76581	16532.1	7873865	143104181881	18174.58	16998	18230	33.034	32.79	40.35
GTOP-BB261	6660872	7403020	78615	17266.5	6662410	128254659343	19250.49	18073	19260	34.412	34.33	40.42
GTOP-BC041	6322466	7034545	66364	17894.6	6323605	126327383357	19977.11	18917	20040	32.69	32.644	40.35
GTOP-BC061	7911945	8653709	70045	15817.1	7913761	137356901961	17356.72	16296	17423	34.447	34.26	40.38
GTOP-BC161	7507685	8319123	80889	18671.3	7509159	155823962958	20751.19	19870	20761	32.376	32.396	40.33
GTOP-BC171	7738065	8636055	74432	18115.4	7739423	156989201444	20284.35	19418	20130	32.553	32.573	40.36
GTOP-BC181	6515994	7016888	68335	17204.4	6516900	121072893114	18578.3	17432	18471	33.242	33.107	40.17
GTOP-BC191	7271821	7963767	72649	16967.4	7273072	135574866405	18640.66	17447	18600	33.705	33.565	40.18
GTOP-BD011	7053457	7906195	71037	17138.4	7055151	136012766481	19278.51	18094	19378	35.122	35.171	40.38
GTOP-BD201	7994294	8785712	70188	17022.8	7995711	150073729730	18769.28	17696	18745	33.955	33.883	40.37
GTOP-BE141	6986078	7879161	70273	17443.1	6987453	137905030534	19736.09	18673	19687	32.754	32.62	40.25
GTOP-BE161	6574006	7282100	70648	16996.4	6575673	124212755168	18889.74	17686	18964	34.872	34.868	40.43
GTOP-BE181	6336521	7170963	61041	17486.8	6337759	125870376566	19860.39	18828	19929	34.685	34.815	40.26
GTOP-BE221	6189584	6812658	69609	19118.8	6190650	130701059249	21112.66	20094	21474	32.646	32.581	40.21
GTOP-BF221	6553719	7323081	70680	17166.8	6555105	126155444547	19245.37	18209	19109	33.823	33.904	40.39
GTOP-BF251	6249493	6939832	74045	19174.4	6250524	133502440274	21358.6	19997	21287	32.122	32.104	40.23
GTOP-BF271	6737827	7664476	76539	18687.3	6738720	143712348960	21326.36	20193	21224	32.162	32.14	40.16
GTOP-BG091	6261781	6874022	68654	17720.4	6263042	122228393590	19515.82	18479	19679	33.612	33.605	40.41
GTOP-BG171	6367480	7028260	76165	18121.6	6368410	127788147035	20065.94	18606	20175	33.707	33.625	40.36
GTOP-BG291	7586676	8207216	67470	16559.4	7588073	136379309578	17972.85	17462	18898	34.013	33.716	40.46
GTOP-BG311	7617119	8398951	74796	17827	7618877	150218861793	19716.67	18617	19697	33.49	33.439	40.33
GTOP-BH071	7503257	8434199	70186	17567.2	7504609	148693782460	19813.66	18723	19752	33.13	33.098	40.28
GTOP-BH101	6713659	7399871	67734	16486.5	6714425	122363022270	18223.9	17217	17994	32.554	32.534	40.15
GTOP-BH131	6712184	7480756	61873	16722.2	6713333	125549633160	18701.54	17871	18758	33.677	33.655	40.45
GTOP-BH171	7170515	7884321	72675	16582.3	7171474	131169145605	18290.4	17128	18015	34.015	33.947	40.11
GTOP-BH271	6450312	7359944	62563	17042.7	6451447	125882757750	19512.33	18647	19723	33.839	33.862	40.31
GTOP-BI071	6830732	7388722	76383	16395.4	6832493	121586703968	17795.36	16349	17869	34.372	34.078	40.43
GTOP-BI281	6445320	7129933	76070	17597.5	6446638	125899677986	19529.51	18165	19552	33.766	33.686	40.28
GTOP-BJ111	5834879	6555531	66768	18331.3	5835959	120615691025	20667.67	19797	20738	32.93	32.95	40.44
GTOP-BJ131	6304725	6883388	76426	17710.8	6306087	122345853473	19401.23	17872	19361	34.119	33.936	40.42
GTOP-BJ141	6448963	7184535	75248	17512.9	6450240	126270212875	19576.05	18125	19502	34.146	34.056	40.39
GTOP-BJ171	6791929	7554369	73884	17294.4	6793185	131155084865	19306.86	18303	19105	33.569	33.595	40.44
GTOP-BJ191	6348102	6917749	64522	18076.8	6349288	125466395618	19760.7	18907	19630	32.62	32.741	40.51
GTOP-BJ201	6143919	6949977	71325	18152.6	6145237	126620101896	20604.59	19345	20617	33.814	33.778	40.35
GTOP-BK021	5957367	6588150	77875	18464.4	5958386	122028499612	20480.13	19162	20461	32.796	32.628	40.33
GTOP-BK071	6623923	7164004	72301	16881.8	6625050	121323717810	18312.88	17073	18448	33.603	33.439	40.39
GTOP-BK161	6557370	7447830	79884	17343.1	6558692	129633325594	19765.12	18321	19767	34.362	34.342	40.29
GTOP-BK191	6426903	6961506	72651	17704.1	6428192	123651020740	19235.74	17875	19271	32.728	32.636	40.38
GTOP-BK251	7071181	7803955	72742	16661.8	7072508	130455561842	18445.45	17247	18574	33.133	32.916	40.31
GTOP-BK261	7669022	8545320	73459	17290.9	7670015	148236990764	19326.82	18166	19555	32.852	32.716	40.3
GTOP-BK281	7764422	8592191	74747	16783.8	7765710	144696523292	18632.75	17475	18504	32.856	32.79	40.27
GTOP-BL021	7653949	8243767	71233	16732.1	7655401	138379488322	18076.06	17109	18040	33.165	33.098	40.38
GTOP-BL091	6747408	7520153	69315	16987.9	6748571	128181471295	18993.87	17868	18793	33.771	33.726	40.07
GTOP-BL151	6836316	7458399	72618	17597	6837502	131648573326	19253.9	17982	19054	33.404	33.279	40.08
GTOP-BL161	6497443	7286914	74133	17721.9	6498848	129601639088	19942.25	18615	19618	32.445	32.381	40.16
GTOP-BL221	6680125	7611211	72168	17097.3	6681337	130598220398	19546.72	18443	19250	32.564	32.557	40.09
GTOP-BL261	3604749	3962101	56484	16842.9	3605366	66971634029	18575.54	17681	18485	33.982	33.947	40.04
GTOP-BL271	6496161	7115949	71313	17899.6	6497483	127779405625	19665.99	18617	19374	32.327	32.255	40.16
GTOP-CA031	6238817	6902173	76175	17382.1	6240141	120388244685	19292.55	17962	19187	32.714	32.434	40.15
GTOP-CA081	7846769	8866890	72240	16594.8	7848439	147651965903	18812.91	17549	18697	34.013	33.904	40.02
GTOP-CA121	3180887	3577505	73102	18024.3	3181397	64689316331	20333.62	18959	20234	33.185	33.054	39.93
GTOP-CA161	3743028	4152493	67645	17120.6	3743620	71327319116	19053.03	18088	18770	33.909	33.969	39.99
GTOP-CA171	3734125	4208997	71487	17384.2	3734854	73411216914	19655.71	18456	19380	34.511	34.522	39.9
GTOP-CA181	3592981	4001796	63158	15695.7	3593725	63034409805	17540.13	16518	17069	33.871	33.809	40.23
GTOP-CA231	7662220	8720535	76143	17037.6	7663502	149102552296	19456.19	18233	19395	34.28	34.225	39.91
GTOP-CA241	4109097	4480796	69410	16205.7	4109892	72844582361	17724.21	16394	17526	34.084	33.757	39.87
GTOP-CB051	3433387	3854044	66959	15977.6	3434059	61792348014	17993.97	16835	17721	33.852	33.615	39.83
GTOP-CB052	3232116	3604753	76114	16891.2	3232743	61117748010	18905.85	17680	18646	33.319	33.197	40.36
GTOP-CB121	3199776	3554378	75581	17806.4	3200441	63527657252	19849.66	18532	19781	32.869	32.708	40.25
GTOP-CB151	3760883	4068435	73604	17198.1	3761504	70187948885	18659.54	17486	18398	32.435	32.255	40.23
GTOP-CB161	3756162	4195896	70744	17509	3756774	73707375808	19619.86	18480	19427	31.936	31.811	40.2
GTOP-CB261	3402096	3764119	71500	17963.5	3402704	67831129178	19934.48	18615	19854	33.564	33.449	39.9
GTOP-CB271	3985137	4447875	67773	15752.1	3986002	70294280779	17635.28	16497	17419	35.012	34.962	40.14
GTOP-CB281	3546057	4036697	74048	17514.8	3546782	70941112152	20001.54	18822	19646	34.288	34.342	39.87
GTOP-CC031	3661066	4091154	76010	17215.2	3661811	70670279749	19299.27	18136	19061	33.733	33.82	39.99
GTOP-CC041	3127432	3555580	71024	17658.4	3127987	63006339956	20142.78	18893	19853	33.619	33.546	40
GTOP-CC061	3370378	3775755	67894	17310.5	3371101	65584106497	19454.8	18380	19271	33.602	33.686	40
GTOP-CC121	3475508	3933735	60009	17237	3476251	68058521938	19578.14	18627	19415	33.909	33.915	40.11
GTOP-CC131	3033354	3350008	68830	18254.7	3033805	61340060508	20218.85	19077	20002	33.035	32.967	39.96
GTOP-CC141	3241787	3656840	55173	17130.6	3242533	62858020907	19385.47	18512	19228	34.625	34.921	39.96
GTOP-CC201	3688626	4103128	69274	17281.2	3689200	71136107978	19282.26	18068	19094	33.574	33.439	39.94
GTOP-CC231	3902641	4359818	71766	16401.3	3903375	71745067624	18380.27	17311	18126	33.481	33.344	40.11
GTOP-CC241	4662852	5072766	58599	16417	4663929	83564155833	17917.12	17025	17744	34.381	34.425	40.13
GTOP-CC251	3487130	3936069	68401	16866.6	3487825	66613140935	19098.76	18083	18765	34.788	35.1	40.03
GTOP-CC291	3649644	4121628	66983	17065.3	3650294	70577918474	19334.86	18526	19063	33.907	33.99	40.1
GTOP-CC311	3502791	3830516	68455	16397.4	3503360	63017877897	17987.84	16633	18048	34.502	34.389	40.02
GTOP-CD021	3945241	4260466	49605	15814.1	3946163	67606628658	17132.24	16285	17022	35.111	35.143	40.19
GTOP-CD121	4145671	4624333	50244	15517.7	4146662	72026392740	17369.73	16693	17140	34.895	35.031	40.2
GTOP-CE111	3129374	3427617	63574	17453	3129885	60030121080	19179.66	18179	19303	33.986	33.915	39.955
GTOP-CE131	3804975	4213473	48677	16464.7	3805781	69629241236	18295.65	17378	18231	34.476	34.473	40.005
GTOP-CE141	4862777	5283421	49201	17435.3	4863944	92443528001	19005.88	18189	19067	34.17	34.157	40.21
GTOP-CE161	3880508	4228810	64609	16625	3881247	70520174062	18169.46	17197	18019	33.68	33.686	40.055
GTOP-CF011	4800405	5383777	54591	17027.5	4801244	91977813103	19157.08	18319	19349	33.597	33.468	39.915
GTOP-CF051	9440667	10283550	64815	17071.7	9443060	176148526764	18653.75	17738	18740	33.996	33.925	39.89
GTOP-CF121	3663630	4065278	70279	17375.2	3664285	70861296313	19338.37	18479	19378	33.632	33.696	39.97
GTOP-CF201	3832349	4160620	63327	16852.4	3833079	70334807949	18349.43	17620	18297	34.81	35.017	40.045
GTOP-CF221	3302660	3576431	63666	16703.9	3303380	59936412341	18143.97	17139	18022	34.582	34.572	40.075
GTOP-CF241	3942657	4313958	49148	17260.1	3943306	74702496967	18944.13	18131	18966	33.793	33.862	39.995
GTOP-CF242	5348372	5935966	64893	17908.6	5349164	106661936053	19939.93	19036	19995	33.469	33.354	39.865
GTOP-CF301	3720759	4148608	67812	17396.6	3721445	72424731650	19461.45	18386	19540	33.837	33.737	39.92
GTOP-CG041	3818382	4209151	68934	17177	3818984	72534708001	18993.2	18116	19079	33.989	33.904	39.94
GTOP-CG061	3953352	4323777	69146	16959.2	3954293	73584387093	18608.73	17600	18524	34.375	34.522	40.01
GTOP-CG071	3828688	4206606	65665	17171.2	3829524	72464738029	18922.65	18044	18924	34.509	34.622	40
GTOP-CG091	3257822	3525721	68164	16713.4	3258441	59118209320	18143.1	17203	18010	33.716	33.726	40.065
GTOP-CG111	6195894	6842965	59203	17850.4	6196685	122531595615	19773.73	18864	19707	33.118	33.089	39.99
GTOP-CG171	3360093	3677855	60441	17249.2	3360696	63633905519	18934.74	17910	18998	34.187	34.123	40.01
GTOP-CG172	7770708	8626511	69615	17905.6	7771805	154982272679	19941.61	19078	19905	33.043	33.045	40.005
GTOP-CG191	4040730	4447331	61022	17178.9	4041467	76652190823	18966.43	17995	18961	33.386	33.354	39.905
GTOP-CG211	4453665	4922625	70783	16987.7	4454472	83891528984	18833.1	18031	18817	34.2	34.486	39.95
GTOP-CG261	3565639	4025508	64221	17514.3	3566213	70733550781	19834.36	18754	19972	33.115	33.08	39.68
GTOP-CG271	3755246	4297712	47595	16029.4	3756084	69149535859	18410.01	17580	18487	33.536	33.288	39.89
GTOP-CH041	3558250	4001856	56364	16586.5	3558956	66616252236	18717.92	17746	18722	33.385	33.116	39.92
GTOP-CH081	3863291	4371174	57017	16169.6	3863910	70930239567	18357.11	17449	18284	33.951	33.809	39.92
GTOP-CH082	3205611	3600911	52723	17899.8	3206186	64670625153	20170.58	19244	20532	33.036	32.765	39.87
GTOP-CH091	3544330	3941222	59633	16135.4	3545125	63793961130	17994.84	17168	17936	33.686	33.478	40.01
GTOP-CH101	3986236	4325602	49680	15828.5	3987168	68694940853	17229.01	16436	17216	34.172	33.915	40.06
GTOP-CH102	4044872	4507421	53932	14610	4045847	66122325379	16343.26	15347	16401	35.245	35.017	40.03
GTOP-CI161	3874057	4223176	58849	15182.3	3874925	64352648327	16607.46	15626	16621	35.055	34.841	40.11
GTOP-CI201	3932064	4218349	58024	15838.5	3932813	67010818325	17038.9	16104	16998	33.306	32.941	40.02
GTOP-CI211	3440278	3841095	61217	16172.8	3440840	62333923970	18115.9	17274	18343	32.723	32.388	39.94
GTOP-CI221	3499842	3901293	48135	15933.9	3500514	62393003761	17823.95	16985	17948	33.563	33.298	39.95
GTOP-CI222	4430304	4870446	58787	14450	4431445	70623393743	15936.88	15347	15960	34.633	34.473	40.09
GTOP-CI301	3405438	3691679	61472	16129.5	3406187	59745374361	17540.25	16641	17496	33.591	33.382	40
GTOP-CJ091	4251553	4628660	52436	14918.1	4252531	69293071768	16294.55	15712	16285	34.267	34.134	39.98
GTOP-CJ092	4152181	4476981	55593	15337.2	4153111	68892209340	16588.1	15926	16538	34.629	34.401	40.105
GTOP-CJ093	3954873	4300917	53857	15370.4	3956193	66329956504	16766.11	16044	16799	34.538	34.271	40.005
GTOP-AJ211	3220947	3608423	56076	17524.9	3221493	63429537829	19689.48	18794	19849	32.708	32.526	40
GTOP-AK281	3497403	3847285	55549	17870.6	3498057	68954598708	19712.26	18733	19957	32.754	32.526	39.96
GTOP-CI231	3578282	4008898	57495	17975.6	3578835	72286805580	20198.42	19165	20101	31.798	31.818	40.06
GTOP-CI251	3610649	4034743	63625	18040.8	3611286	73012441224	20217.85	19368	20035	32.338	32.403	39.9
GTOP-CI291	3634770	3876351	57698	19214.6	3635245	74692640893	20546.8	19762	20573	31.557	31.586	40.09
GTOP-CJ111	3540042	4021379	50020	16944	3540520	68344935518	19303.64	18466	19268	33.353	33.372	39.7
GTOP-CJ151	4073650	4502748	58413	16808.5	4074503	75920126173	18632.98	18034	18604	32.77	32.749	40.3
GTOP-CJ231	3347729	3772849	62489	17671.3	3348347	66882000081	19974.63	18971	19887	33.035	33.028	39.81
GTOP-CK031	3894783	4248931	58455	18478.2	3895407	78735678390	20212.44	19683	20321	31.931	32.013	40.18
GTOP-CL111	3517155	3913615	56195	17865.7	3517690	70128943650	19936.08	19025	20146	32.623	32.449	40.13
GTOP-CL141	4012194	4446840	57455	17416.9	4012855	77693457443	19361.14	18474	19550	32.932	32.733	40.11
GTOP-CL161	3388603	3681416	54141	16537.1	3389228	61075168697	18020.38	17309	18064	33.025	32.924	40.075
GTOP-CL171	3183990	3612922	58390	16461.3	3184450	59668710953	18737.52	17915	18684	32.699	32.628	39.835
