File_Name	Sample_ID	RU1	RU2	RU3	RU4	RU5	RU6	VNTR
./AK231-DMSO.sorted.vcf.gz	AK231-DMSO	498047	237532	70260	117998	41331	12561	31358
./AK091-DMSO.sorted.vcf.gz	AK091-DMSO	502079	238603	70192	118745	41272	12582	31546
./AK221-DMSO.sorted.vcf.gz	AK221-DMSO	501019	238533	70231	119034	41484	12591	31735
./AJ211-DMSO.sorted.vcf.gz	AJ211	534881	241903	73485	121104	42604	13130	32206
./AJ142-DMSO.sorted.vcf.gz	AJ142-DMSO	499112	238229	70750	118997	41562	12645	31474
./AL091-DMSO.sorted.vcf.gz	AL091-DMSO	495856	237667	70510	118455	41557	12541	31392
./AJ221-DMSO.sorted.vcf.gz	AJ221-DMSO	507407	239140	71588	119255	40921	12655	31778
./AK111-DMSO.sorted.vcf.gz	AK111-DMSO	504885	238157	70262	118658	41267	12619	31660
./AJ141-DMSO.sorted.vcf.gz	AJ141-DMSO	496976	237916	70112	118295	41400	12504	31551
./AJ231-DMSO.sorted.vcf.gz	AJ231-DMSO	507009	240501	71140	119608	41685	12685	31742
./AK112-DMSO.sorted.vcf.gz	AK112-DMSO	500447	238280	70748	118407	41517	12531	31475
./AK092-DMSO.sorted.vcf.gz	AK092-DMSO	504956	240738	70848	119279	41584	12674	31585
./AL121-DMSO.sorted.vcf.gz	AL121-DMSO	504255	236166	70617	117890	41113	12605	31386
./AL271-DMSO.sorted.vcf.gz	AL271-DMSO	512210	240372	71974	119695	41704	12764	31737
./BA041-DMSO.sorted.vcf.gz	BA041-DMSO	506598	239056	70974	119023	41429	12636	31598
./BA132-DMSO.sorted.vcf.gz	BA132-DMSO	501894	239010	70363	118809	41041	12583	31512
./BA091-DMSO.sorted.vcf.gz	BA091-DMSO	509173	239835	71499	119350	41616	12725	31746
./BA101-DMSO.sorted.vcf.gz	BA101-DMSO	499019	237059	70651	118266	41165	12553	31215
./BA131-DMSO.sorted.vcf.gz	BA131-DMSO	498003	238689	69984	118571	40696	12527	31541
./BA082-DMSO.sorted.vcf.gz	BA082-DMSO	509840	240423	71134	119782	41604	12650	31751
./BA181-DMSO.sorted.vcf.gz	BA181-DMSO	512536	238807	71452	119574	40948	12725	31826
./BA081-DMSO.sorted.vcf.gz	BA081-DMSO	499908	238755	70795	119021	41591	12520	31486
./BA102-DMSO.sorted.vcf.gz	BA102-DMSO	499327	238251	70270	118396	41578	12508	31560
./BA191-DMSO.sorted.vcf.gz	BA191-DMSO	506178	239380	71627	119349	41703	12594	31658
./BA232-DMSO.sorted.vcf.gz	BA232-DMSO	498835	237851	70687	118682	41295	12583	31489
./BA231-DMSO.sorted.vcf.gz	BA231-DMSO	497716	237769	70756	118420	41134	12540	31350
./BA211-DMSO.sorted.vcf.gz	BA211-DMSO	500925	239109	70272	118793	41194	12569	31506
./BB011-DMSO.sorted.vcf.gz	BB011-DMSO	503251	239395	71279	118978	41746	12632	31815
./BB251-DMSO.sorted.vcf.gz	BB251-DMSO	503214	239309	71090	118767	40949	12636	31588
./BB202-DMSO.sorted.vcf.gz	BB202-DMSO	503555	238338	70229	118802	41585	12605	31508
./BB201-DMSO.sorted.vcf.gz	BB201-DMSO	497165	239130	70674	118428	40874	12564	31563
./BA251-DMSO.sorted.vcf.gz	BA251-DMSO	503476	240152	70789	119348	41710	12587	31837
./BB261-DMSO.sorted.vcf.gz	BB261-DMSO	496658	237263	70440	118395	41441	12424	31419
./BB211-DMSO.sorted.vcf.gz	BB211-DMSO	497546	238577	71118	118936	41442	12596	31422
./BC061-DMSO.sorted.vcf.gz	BC061-DMSO	492192	235730	69700	117516	40487	12402	31253
./BC041-DMSO.sorted.vcf.gz	BC041-DMSO	507642	238900	70889	119363	41397	12625	31725
./BC161-DMSO.sorted.vcf.gz	BC161-DMSO	501160	240411	71144	119491	41536	12657	31840
./BC181-DMSO.sorted.vcf.gz	BC181-DMSO	505838	240393	71243	119355	41566	12763	31693
./BC171-DMSO.sorted.vcf.gz	BC171-DMSO	501321	238583	71185	118916	41485	12588	31572
./BC191-DMSO.sorted.vcf.gz	BC191-DMSO	496616	237994	70359	118160	40625	12453	31523
./BD011-DMSO.sorted.vcf.gz	BD011-DMSO	499044	237655	70101	118060	40736	12503	31347
./BE221-DMSO.sorted.vcf.gz	BE221-DMSO	505236	238035	71187	119087	41122	12647	31526
./BE141-DMSO.sorted.vcf.gz	BE141-DMSO	502313	239565	70300	119403	41054	12657	31594
./BD201-DMSO.sorted.vcf.gz	BD201-DMSO	496054	237890	69688	118173	41296	12468	31453
./BE181-DMSO.sorted.vcf.gz	BE181-DMSO	500424	239419	70789	118803	41231	12541	31565
./BF221-DMSO.sorted.vcf.gz	BF221-DMSO	504761	238873	71084	118807	41474	12674	31593
./BE161-DMSO.sorted.vcf.gz	BE161-DMSO	499051	237923	70123	118466	40702	12504	31344
./BF251-DMSO.sorted.vcf.gz	BF251-DMSO	501673	237952	71408	118078	40660	12532	31376
./BG171-DMSO.sorted.vcf.gz	BG171-DMSO	500164	238644	70128	118686	41472	12523	31587
./BF271-DMSO.sorted.vcf.gz	BF271-DMSO	504997	239338	71188	119263	41688	12717	31734
./BG091-DMSO.sorted.vcf.gz	BG091-DMSO	502254	238379	70959	119081	41332	12535	31573
./BG291-DMSO.sorted.vcf.gz	BG291-DMSO	500565	239322	70346	119135	41700	12605	31703
./BH131-DMSO.sorted.vcf.gz	BH131-DMSO	498385	238044	71385	118915	41493	12604	31413
./BG311-DMSO.sorted.vcf.gz	BG311-DMSO	496468	238281	71079	118412	40774	12679	31435
./BH101-DMSO.sorted.vcf.gz	BH101-DMSO	503809	238659	71576	118498	41021	12674	31469
./BH071-DMSO.sorted.vcf.gz	BH071-DMSO	499914	238917	70183	118389	41459	12615	31582
./BH271-DMSO.sorted.vcf.gz	BH271-DMSO	512159	239214	71284	119204	41073	12687	31651
./BH171-DMSO.sorted.vcf.gz	BH171-DMSO	497792	238083	70478	118314	41087	12460	31418
./BI071-DMSO.sorted.vcf.gz	BI071-DMSO	500209	239321	71336	119201	41586	12708	31635
./BI281-DMSO.sorted.vcf.gz	BI281-DMSO	506639	238815	71210	119032	41067	12658	31589
./BJ111-DMSO.sorted.vcf.gz	BJ111-DMSO	500442	238458	70684	118456	41416	12474	31600
./BJ131-DMSO.sorted.vcf.gz	BJ131-DMSO	498453	239692	70908	119361	41593	12549	31541
./BJ171-DMSO.sorted.vcf.gz	BJ171-DMSO	499728	238841	70366	118293	41345	12578	31524
./BJ141-DMSO.sorted.vcf.gz	BJ141-DMSO	500792	239193	70915	118517	41511	12678	31602
./BK021-DMSO.sorted.vcf.gz	BK021-DMSO	503968	240834	71277	119334	41168	12625	31836
./BK191-DMSO.sorted.vcf.gz	BK191-DMSO	502850	239680	71096	119083	41327	12686	31625
./BK251-DMSO.sorted.vcf.gz	BK251-DMSO	506188	238429	71010	118981	40843	12673	31469
./BJ201-DMSO.sorted.vcf.gz	BJ201-DMSO	504558	238801	70442	118892	41590	12590	31609
./BK161-DMSO.sorted.vcf.gz	BK161-DMSO	501044	238860	70500	118482	41345	12689	31675
./BK071-DMSO.sorted.vcf.gz	BK071-DMSO	503177	239503	70430	118955	40819	12657	31650
./BJ191-DMSO.sorted.vcf.gz	BJ191-DMSO	502005	240496	71674	119929	41044	12713	31911
./BK281-DMSO.sorted.vcf.gz	BK281-DMSO	500431	238232	70354	118471	41015	12518	31583
./BK261-DMSO.sorted.vcf.gz	BK261-DMSO	500797	238633	71094	118600	41256	12613	31492
./BL091-DMSO.sorted.vcf.gz	BL091-DMSO	517275	240642	71182	119976	42047	12866	31657
./BL151-DMSO.sorted.vcf.gz	BL151-DMSO	516379	240104	71251	120041	41275	12721	31897
./BL021-DMSO.sorted.vcf.gz	BL021-DMSO	503050	239109	71026	119497	41452	12715	31661
./BL221-DMSO.sorted.vcf.gz	BL221-DMSO	514679	239887	71463	119071	41926	12709	31754
./CA081-DMSO.sorted.vcf.gz	CA081-DMSO	501451	237833	70507	118177	41505	12548	31387
./BL161-DMSO.sorted.vcf.gz	BL161-DMSO	511891	238233	71101	118909	41160	12708	31678
./BL271-DMSO.sorted.vcf.gz	BL271-DMSO	520619	240574	71423	120171	42167	12873	32020
./CA031-DMSO.sorted.vcf.gz	CA031-DMSO	517660	238403	71320	119682	41298	12704	31774
./CA171-DMSO.sorted.vcf.gz	CA171-DMSO	518194	240177	72173	119821	41213	12894	31876
./CA121-DMSO.sorted.vcf.gz	CA121-DMSO	548985	241669	74023	122094	42769	13289	31974
./BL261-DMSO.sorted.vcf.gz	BL261-DMSO	539823	240508	73147	121108	42554	12962	31991
./CA161-DMSO.sorted.vcf.gz	CA161-DMSO	533929	240201	72557	120331	42234	12964	31694
./CA231-DMSO.sorted.vcf.gz	CA231-DMSO	504353	238792	70809	119077	41488	12702	31586
./CA181-DMSO.sorted.vcf.gz	CA181-DMSO	530802	240735	73126	120363	42210	13030	31676
./CA241-DMSO.sorted.vcf.gz	CA241-DMSO	526044	241666	73375	120856	42271	12968	32019
./CB051-DMSO.sorted.vcf.gz	CB051-DMSO	535206	241068	73837	121251	42663	13027	31935
./CB052-DMSO.sorted.vcf.gz	CB052-DMSO	540299	241852	73393	121036	42039	13095	32269
./CB261-DMSO.sorted.vcf.gz	CB261-DMSO	540893	241144	73334	121330	42474	13067	32248
./CB151-DMSO.sorted.vcf.gz	CB151-DMSO	539064	242230	73777	121431	41970	13220	32298
./CB161-DMSO.sorted.vcf.gz	CB161-DMSO	540992	242076	74249	121482	42048	13284	32123
./CB121-DMSO.sorted.vcf.gz	CB121-DMSO	540038	241205	73329	121022	42543	13134	31974
./CB271-DMSO.sorted.vcf.gz	CB271-DMSO	520129	237928	71967	118855	41865	12734	31436
./CC031-DMSO.sorted.vcf.gz	CC031-DMSO	555318	240781	73011	121428	42624	13208	31945
./CB281-DMSO.sorted.vcf.gz	CB281-DMSO	521828	240122	73717	120346	41627	12872	31754
./CC061-DMSO.sorted.vcf.gz	CC061-DMSO	562118	241481	74425	122037	42888	13231	32092
./CC041-DMSO.sorted.vcf.gz	CC041-DMSO	531421	240454	73615	120684	42433	13050	31788
./CC121-DMSO.sorted.vcf.gz	CC121-DMSO	527279	240131	72522	119760	42096	12913	31740
./CC131-DMSO.sorted.vcf.gz	CC131-DMSO	539358	241859	74080	121667	42706	13245	32128
./CC251-DMSO.sorted.vcf.gz	CC251-DMSO	541863	239765	72658	120396	41768	12989	31688
./CC241-DMSO.sorted.vcf.gz	CC241-DMSO	515460	240855	72109	119896	42075	12793	31905
./CC201-DMSO.sorted.vcf.gz	CC201-DMSO	529573	240990	73350	120700	41675	12969	31925
./CC231-DMSO.sorted.vcf.gz	CC231-DMSO	531992	242416	73472	120763	42319	13019	31996
./CC141-DMSO.sorted.vcf.gz	CC141-DMSO	546122	240715	74176	121105	42820	13121	31953
./CE111-DMSO.sorted.vcf.gz	CE111	532095	242004	73507	120918	42357	13100	32203
./CE131-DMSO.sorted.vcf.gz	CE131	527326	240371	72919	120150	41280	12936	31757
./CE141-DMSO.sorted.vcf.gz	CE141	514133	240149	71684	119798	42033	12817	31970
./CD121-DMSO.sorted.vcf.gz	CD121-DMSO	518546	240677	72622	119891	42136	12829	31734
./CE161-DMSO.sorted.vcf.gz	CE161	535303	240722	72947	120197	41656	12963	32056
./CF011-DMSO.sorted.vcf.gz	CF011	522285	239989	71531	119560	42017	12818	31830
./CF051-DMSO.sorted.vcf.gz	CF051	508236	238217	70154	118531	41666	12553	31378
./CF241-DMSO.sorted.vcf.gz	CF241	530811	241611	72751	120753	42143	13025	32049
./CG041-DMSO.sorted.vcf.gz	CG041	521958	239754	72858	119705	41944	13000	31839
./CF201-DMSO.sorted.vcf.gz	CF201	527336	240932	73191	120325	42306	12970	31939
./CF221-DMSO.sorted.vcf.gz	CF221	536119	241624	74101	120778	42630	13091	31939
./CG061-DMSO.sorted.vcf.gz	CG061	545925	241569	73128	120855	41905	13130	32042
./CF242-DMSO.sorted.vcf.gz	CF242	514125	241038	71937	119911	41122	12843	31931
./CF121-DMSO.sorted.vcf.gz	CF121	534871	242552	73582	120712	42602	13160	32070
./CF301-DMSO.sorted.vcf.gz	CF301	523046	239815	72069	119865	42014	12718	31766
./CG071-DMSO.sorted.vcf.gz	CG071	528790	240924	73069	120253	42376	12946	31804
./CG091-DMSO.sorted.vcf.gz	CG091	545829	243808	74416	121660	41915	13189	32349
./CG111-DMSO.sorted.vcf.gz	CG111	516779	240232	71871	119516	41157	12794	31647
./CG171-DMSO.sorted.vcf.gz	CG171	525518	240829	73309	120374	42236	12978	31866
./CG172-DMSO.sorted.vcf.gz	CG172	512498	239101	70717	118759	41064	12714	31528
./CG211-DMSO.sorted.vcf.gz	CG211	545796	241129	72842	121207	42563	13118	31913
./CH081-DMSO.sorted.vcf.gz	CH081	520215	241125	72249	120092	41339	12906	31998
./CG191-DMSO.sorted.vcf.gz	CG191	537878	240640	73208	120773	42526	13000	32204
./CG261-DMSO.sorted.vcf.gz	CG261	555855	242009	73652	122060	42499	13379	32353
./CH041-DMSO.sorted.vcf.gz	CH041	529523	242375	75113	121277	41978	13272	32041
./CH082-DMSO.sorted.vcf.gz	CH082	530045	240619	73384	120708	42377	13008	32001
./CG271-DMSO.sorted.vcf.gz	CG271	525747	241280	73658	120900	42442	13207	31867
./CH101-DMSO.sorted.vcf.gz	CH101	523598	242467	73286	120791	42320	13090	31985
./CH102-DMSO.sorted.vcf.gz	CH102	530165	241270	73351	120439	42282	12986	31887
./CH091-DMSO.sorted.vcf.gz	CH091	529843	241985	74056	121215	42674	13099	32071
./CI211-DMSO.sorted.vcf.gz	CI211	532419	241575	74413	121354	42388	13139	32228
./CI161-DMSO.sorted.vcf.gz	CI161	531204	241488	73440	121022	42410	13003	32020
./CI201-DMSO.sorted.vcf.gz	CI201	525453	242872	74139	121191	42614	13115	32189
./CI222-DMSO.sorted.vcf.gz	CI222	528432	241764	72706	120427	42157	12991	32061
./CJ093-DMSO.sorted.vcf.gz	CJ093	523512	242324	73224	120779	41636	12950	32075
./CI221-DMSO.sorted.vcf.gz	CI221	542514	241754	74048	121627	42823	13323	32240
./CJ091-DMSO.sorted.vcf.gz	CJ091	535293	241186	73050	121047	42750	13045	31961
./CJ111-DMSO.sorted.vcf.gz	CJ111	523937	240802	73216	120322	41538	12991	31886
./CJ092-DMSO.sorted.vcf.gz	CJ092	520876	241176	72614	120725	42092	12814	31976
./CI301-DMSO.sorted.vcf.gz	CI301	548919	242887	74341	122129	42919	13351	32373
./CJ231-DMSO.sorted.vcf.gz	CJ231	527363	241033	74105	120725	42375	13000	31959
./CK031-DMSO.sorted.vcf.gz	CK031	517142	241010	72735	120418	41148	12882	32081
./CI231-DMSO.sorted.vcf.gz	CI231	517929	239813	72397	119794	41397	12971	31895
./CI251-DMSO.sorted.vcf.gz	C1251	527716	239665	72955	120186	42219	12913	31893
./CI291-DMSO.sorted.vcf.gz	CI291	518961	242098	73232	120570	41841	12865	31938
./CJ151-DMSO.sorted.vcf.gz	CJ151	513545	239628	72265	119535	41006	12778	31770
./CL111-DMSO.sorted.vcf.gz	CL111	527815	240383	73388	120797	41640	12966	31889
./CL141-DMSO.sorted.vcf.gz	CL141	521712	239669	72828	120221	41650	12877	31760
./CL161-DMSO.sorted.vcf.gz	CL161	527726	242342	73391	121281	42545	12941	32091
./CL171-DMSO.sorted.vcf.gz	CL171	533533	241012	73961	121093	41980	13092	31984
./AK281-DMSO.sorted.vcf.gz	AK281	531103	241851	72990	121225	42485	13040	32013
./CC311-DMSO.sorted.vcf.gz	CC311-DMSO	527001	241690	73431	121148	42223	12953	31926
./CC291-DMSO.sorted.vcf.gz	CC291-DMSO	527649	240461	72753	120527	41527	12935	31817
./CD021-DMSO.sorted.vcf.gz	CD021-DMSO	520761	241001	72516	120537	42068	12821	31743
